Protein: YYYYYY, Drug: 2-Methylpropane
x_coords: -9.016,-8.648,-8.28,-7.912,-7.544,-7.176,-6.808,-6.44,-6.072,-5.704,-5.336,-4.968,-4.6,-4.232,-3.864,-3.496,-3.128,-2.76,-2.392,-2.024,-1.656,-1.288,-0.92,-0.552,-0.184,0.184,0.552,0.92,1.288,1.656,2.024,2.392,2.76,3.128,3.496,3.864,4.232,4.6,4.968,5.336,5.704,6.072,6.44,6.808,7.176,7.544,7.912,8.28,8.648,9.016
y_coords: 0.0,0.0,0.0,0.0,0.0,0.0,0.0,0.0,0.0,0.0,0.0,1.966156888820691e-05,0.0013263430685557431,0.017594155456668883,0.07518200262561164,0.16697440881114353,0.26203433754454164,0.35951102245409444,0.5110147818525907,0.6141663683017067,0.7965568683613796,0.8545257702078325,0.9189129285799533,0.918844730874806,0.9502497740951018,0.9675464170630659,0.9362010468347741,1.0,0.9756278451230117,0.9371131911411181,0.8050133837996352,0.6650120198455323,0.3657093413806626,0.14514091350826044,0.020875743781221763,0.001005481390551208,1.86198489420831e-05,0.0,0.0,0.0,0.0,0.0,0.0,0.0,0.0,0.0,0.0,0.0,0.0,0.0
Drug x_coords: -9.016,-8.648,-8.28,-7.912,-7.544,-7.176,-6.808,-6.44,-6.072,-5.704,-5.336,-4.968,-4.6,-4.232,-3.864,-3.496,-3.128,-2.76,-2.392,-2.024,-1.656,-1.288,-0.92,-0.552,-0.184,0.184,0.552,0.92,1.288,1.656,2.024,2.392,2.76,3.128,3.496,3.864,4.232,4.6,4.968,5.336,5.704,6.072,6.44,6.808,7.176,7.544,7.912,8.28,8.648,9.016
Drug y_coords: 0.010687311241787179,0.013696926869074358,0.008783282436968427,0.011055868224684316,0.008721870294189402,0.00952031227653972,0.013819835280855395,0.010625899099008152,0.010625899099008152,0.009581724419318744,0.005650766810522507,0.006940615299194912,0.01099445608190529,0.012161455047152747,0.012591340046605927,0.00902893100808453,0.04526756345220368,0.15214059174385247,0.2641731654173923,0.1963026524998107,0.13733774154741774,0.08936812793915992,0.056261935407885995,0.1104358579612851,0.10460086313504781,0.1055220452767332,0.03924824807140634,0.07217012004812019,0.19710101035593802,0.6625520531004718,0.8270381680673683,1.0,0.6690011693544995,0.1711817210542698,0.02174317946647149,0.014311216549310585,0.00952031227653972,0.017013687336479653,0.014864009960544801,0.010195929973331987,0.013635514726295333,0.008046202121663343,0.009765960847655821,0.01326704186962118,0.007002035854596236,0.008844694579747452,0.0058964490321278045,0.007063456409997559,0.007186297520800208,0.012837072743945015
Drug errors: 0.146032,0.154515,0.092709,0.12846,0.093921,0.098162,0.170875,0.150879,0.111493,0.109069,0.033933,0.073319,0.139367,0.14785,0.159969,0.107252,0.564737,1.866905,2.889734,2.234105,1.523942,1.164619,0.597458,1.13614,1.44214,1.250663,0.461727,0.819838,2.374685,8.089316,10.108916,11.910984,7.875419,2.068684,0.249648,0.186024,0.11937,0.176329,0.175117,0.123612,0.175117,0.084226,0.129671,0.117553,0.051505,0.092709,0.063018,0.069683,0.084226,0.155727
Average Density Condensate: 0.26532354315039297

Protein: YYYYYY, Drug: Cisplatin
x_coords: -9.016,-8.648,-8.28,-7.912,-7.544,-7.176,-6.808,-6.44,-6.072,-5.704,-5.336,-4.968,-4.6,-4.232,-3.864,-3.496,-3.128,-2.76,-2.392,-2.024,-1.656,-1.288,-0.92,-0.552,-0.184,0.184,0.552,0.92,1.288,1.656,2.024,2.392,2.76,3.128,3.496,3.864,4.232,4.6,4.968,5.336,5.704,6.072,6.44,6.808,7.176,7.544,7.912,8.28,8.648,9.016
y_coords: 0.0,0.0,0.0,0.0,0.0,0.0,0.0,0.0,0.0,0.0,0.0,3.8652178621109015e-05,0.0014731243700698857,0.018214038799530208,0.08572213938843679,0.14370652961608624,0.20570331436948683,0.3572597102946199,0.5221610455382206,0.6090659958518321,0.7340049811333328,0.9378108002298984,0.9335293578669421,0.9178029703547599,0.8534897087119856,0.9010103870790401,0.9291896079231673,0.992320058640767,1.0,0.9071493423737849,0.7596453233155356,0.5934945399115391,0.365262009279235,0.16449151624699093,0.028586041165152055,0.0014951063280384499,0.0,0.0,0.0,0.0,0.0,0.0,0.0,0.0,0.0,0.0,0.0,0.0,0.0,0.0
Drug x_coords: -9.016,-8.648,-8.28,-7.912,-7.544,-7.176,-6.808,-6.44,-6.072,-5.704,-5.336,-4.968,-4.6,-4.232,-3.864,-3.496,-3.128,-2.76,-2.392,-2.024,-1.656,-1.288,-0.92,-0.552,-0.184,0.184,0.552,0.92,1.288,1.656,2.024,2.392,2.76,3.128,3.496,3.864,4.232,4.6,4.968,5.336,5.704,6.072,6.44,6.808,7.176,7.544,7.912,8.28,8.648,9.016
Drug y_coords: 0.7705061635922762,0.646339295915906,0.6718379057751146,0.8425713161269027,0.8381342914090569,0.8381342914090569,0.897999212888319,0.7815955515494674,0.6208406860566975,0.7328136703525499,0.6973365156343232,0.7649646434511038,0.8458974977465755,0.8126356815498483,0.7572014371135852,0.6707270626769415,0.6552069976767511,0.5155200650001904,0.5931248333735353,0.8181772016910206,0.44567532912694074,0.11086468026761798,0.021064251164798334,0.02328155746550039,0.0011086468026761797,0.0,0.0,0.0,0.0,0.07317028272543767,0.2982251901128617,0.5121938833805176,0.9090886008455104,1.0,0.8968947174649925,0.8791529662684558,0.8525498609859208,0.9234978227475276,0.8381342914090569,0.8237250695070395,0.8337036143660577,0.7960047734514848,0.6951211771128236,0.7439030583097411,0.8470019931699018,0.7627493049296042,0.7849217331691402,0.7627493049296042,0.6762749304929605,0.8148510200713479
Drug errors: 1.172205,0.985746,1.064131,1.308784,1.326599,1.366979,1.408546,1.188832,0.944177,1.109261,1.122325,1.233964,1.39192,1.332538,1.180519,1.058192,0.976243,0.770782,0.94774,1.319473,0.706649,0.16152,0.029691,0.04513,0.002375,0.0,0.0,0.0,0.0,0.124703,0.460806,0.774344,1.41686,1.529687,1.407359,1.47743,1.419235,1.459616,1.317098,1.337288,1.288594,1.236338,1.08432,1.157954,1.318286,1.277905,1.314723,1.131826,1.076006,1.22565
Average Density Condensate: 0.25925252601934146

Protein: YYYYYY, Drug: Phenol
x_coords: -9.016,-8.648,-8.28,-7.912,-7.544,-7.176,-6.808,-6.44,-6.072,-5.704,-5.336,-4.968,-4.6,-4.232,-3.864,-3.496,-3.128,-2.76,-2.392,-2.024,-1.656,-1.288,-0.92,-0.552,-0.184,0.184,0.552,0.92,1.288,1.656,2.024,2.392,2.76,3.128,3.496,3.864,4.232,4.6,4.968,5.336,5.704,6.072,6.44,6.808,7.176,7.544,7.912,8.28,8.648,9.016
y_coords: 0.0,0.0,0.0,0.0,0.0,0.0,0.0,0.0,0.0,0.0,0.0003431939333493827,0.0031978969632355473,0.020508993362451423,0.07537804794167212,0.12822333803349725,0.18297623551260447,0.23984592633352822,0.3284477422017402,0.5006439797778313,0.5875107473260653,0.7107490456374455,0.8696134401760842,0.9316642019465556,0.9573202187295802,0.9234704405543901,0.9404770093200812,0.9660298517728789,0.9855813873508271,1.0,0.9045035595143929,0.8315017023764487,0.710085290779654,0.4021855762286343,0.14801819307356331,0.029943598032809438,0.0017741771847164427,0.0,0.0,0.0,0.0,0.0,0.0,0.0,0.0,0.0,0.0,0.0,0.0,0.0,0.0
Drug x_coords: -9.016,-8.648,-8.28,-7.912,-7.544,-7.176,-6.808,-6.44,-6.072,-5.704,-5.336,-4.968,-4.6,-4.232,-3.864,-3.496,-3.128,-2.76,-2.392,-2.024,-1.656,-1.288,-0.92,-0.552,-0.184,0.184,0.552,0.92,1.288,1.656,2.024,2.392,2.76,3.128,3.496,3.864,4.232,4.6,4.968,5.336,5.704,6.072,6.44,6.808,7.176,7.544,7.912,8.28,8.648,9.016
Drug y_coords: 0.14337041635422684,0.11377251103271091,0.10812671329702886,0.10761336955586423,0.12301122324798092,0.11069294029428758,0.11804963797956951,0.13396058955856863,0.13361860625207442,0.12540633566485143,0.11685208177113425,0.11907607960761657,0.13738238945776837,0.16663831147279007,0.22343900969895145,0.25919679406016055,0.2737390748503362,0.3627039053952722,0.3409753039373563,0.7526091285694968,1.0,0.780154642343483,0.8939261699590653,0.7486754600548254,0.39948616455027103,0.11257495482427565,0.147134445414203,0.3283138084057579,0.34713395370563865,0.5358418665257102,0.7264330231471807,0.9953803980380828,0.7310526251090979,0.3852856212123074,0.2010266874823292,0.13943551856814465,0.11514118182153438,0.11804963797956951,0.11462783808036976,0.1228401086675927,0.14935844325068534,0.14165951640462696,0.13498727704089786,0.14029084561580352,0.13977774772892107,0.11804963797956951,0.14747642872069724,0.11531229640192259,0.1050471425586055,0.12968346261171004
Drug errors: 0.606547,0.470816,0.429612,0.45082,0.519897,0.433854,0.51808,0.601699,0.557466,0.607759,0.516262,0.533834,0.50172,0.685926,1.011316,1.084635,1.212488,1.622711,1.452441,3.099996,4.114947,3.257539,3.368427,3.178162,1.63786,0.259949,0.649569,1.162196,1.329435,2.051716,2.912154,3.978005,3.106661,1.650584,0.745914,0.545953,0.472634,0.419917,0.470817,0.472028,0.615636,0.533834,0.558072,0.542318,0.520503,0.472634,0.541712,0.461727,0.422947,0.525957
Average Density Condensate: 0.26759987588128076

Protein: YYYYYY, Drug: Styrene
x_coords: -9.016,-8.648,-8.28,-7.912,-7.544,-7.176,-6.808,-6.44,-6.072,-5.704,-5.336,-4.968,-4.6,-4.232,-3.864,-3.496,-3.128,-2.76,-2.392,-2.024,-1.656,-1.288,-0.92,-0.552,-0.184,0.184,0.552,0.92,1.288,1.656,2.024,2.392,2.76,3.128,3.496,3.864,4.232,4.6,4.968,5.336,5.704,6.072,6.44,6.808,7.176,7.544,7.912,8.28,8.648,9.016
y_coords: 0.0,0.0,0.0,0.0,0.0,0.0,0.0,0.0,0.0,0.0,0.0,0.0,7.993115752975038e-05,0.008046868425039135,0.06127728871757755,0.1518060628503139,0.2788641834003804,0.40403628957600446,0.559106057800744,0.5539395061520593,0.7639553281378869,0.8473346686640522,0.8804009358536297,0.9237262459813839,0.9059770076248506,0.9426284694753496,1.0,0.9569103364696773,0.9601336452845431,0.9006497113329182,0.7879778155560418,0.6452685529615727,0.405402198246116,0.1390054030398411,0.01884617326757671,0.0014230613859386309,0.00010548719934018954,0.0,0.0,0.0,0.0,0.0,0.0,0.0,0.0,0.0,0.0,0.0,0.0,0.0
Drug x_coords: -9.016,-8.648,-8.28,-7.912,-7.544,-7.176,-6.808,-6.44,-6.072,-5.704,-5.336,-4.968,-4.6,-4.232,-3.864,-3.496,-3.128,-2.76,-2.392,-2.024,-1.656,-1.288,-0.92,-0.552,-0.184,0.184,0.552,0.92,1.288,1.656,2.024,2.392,2.76,3.128,3.496,3.864,4.232,4.6,4.968,5.336,5.704,6.072,6.44,6.808,7.176,7.544,7.912,8.28,8.648,9.016
Drug y_coords: 0.024443322345229702,0.021396981764829178,0.019873763838341496,0.024153122082277396,0.02422571978430289,0.019075951296659743,0.016609820697014156,0.022267296735961586,0.023645414530973113,0.026329147691545512,0.024008117223376077,0.019583658847964022,0.015594405594405595,0.030536003506030755,0.030971208627884377,0.05193298527085993,0.0720968540995789,0.1623987728892361,0.42257197843028904,0.698701434804977,0.4022627236523694,0.44817553019187895,0.2925220556010747,0.283890360320878,0.043446675939863955,0.00522230902612374,0.0,0.019511156418513368,0.27859511061145936,0.6697604847468608,1.0,0.6667146205293344,0.3937043882547969,0.17531011223109316,0.045912806539509535,0.021179379203902365,0.011822754901773974,0.01711752824831844,0.01900335359463425,0.02052657152112193,0.020163868828718966,0.013998685238467255,0.0165373182675635,0.02233989443798708,0.02654675025247232,0.02321020940911949,0.02429822221375355,0.026764352813399134,0.02292010441874202,0.027126960233227262
Drug errors: 0.302365,0.291458,0.235711,0.282975,0.263584,0.210867,0.212685,0.252677,0.223592,0.30903,0.287822,0.253283,0.190871,0.363565,0.387197,0.58231,0.754397,1.763895,4.421553,7.223426,4.101617,4.350052,3.029707,2.950328,0.377501,0.029085,0.0,0.202384,2.907912,6.970142,10.338568,7.00347,4.136155,1.879024,0.525957,0.249042,0.143608,0.204202,0.233893,0.250254,0.226016,0.149062,0.204202,0.275703,0.284186,0.245406,0.279339,0.322967,0.282369,0.293276
Average Density Condensate: 0.26193802457120735

Protein: YYYYYY, Drug: Nitrobenzene
x_coords: -9.016,-8.648,-8.28,-7.912,-7.544,-7.176,-6.808,-6.44,-6.072,-5.704,-5.336,-4.968,-4.6,-4.232,-3.864,-3.496,-3.128,-2.76,-2.392,-2.024,-1.656,-1.288,-0.92,-0.552,-0.184,0.184,0.552,0.92,1.288,1.656,2.024,2.392,2.76,3.128,3.496,3.864,4.232,4.6,4.968,5.336,5.704,6.072,6.44,6.808,7.176,7.544,7.912,8.28,8.648,9.016
y_coords: 0.0,0.0,0.0,0.0,0.0,0.0,0.0,0.0,0.0,0.0,0.0,0.00032642369212368286,0.0013095777566267698,0.00884251577200711,0.044668429874582014,0.1284814231446308,0.2661918920512453,0.38089755144327553,0.541566503541858,0.6147309282952755,0.7599807956335336,0.9097815924462824,0.9040202825063383,0.9067914388955804,0.9288848832997818,0.8943001777246194,0.9425385140200297,0.9667292773935968,1.0,0.9567227917084304,0.8057351987399239,0.6767003866142196,0.36238471062894295,0.0969500433782839,0.009141194208367377,0.00014910927116060073,0.0,0.0,0.0,0.0,0.0,0.0,0.0,0.0,0.0,0.0,0.0,0.0,0.0,0.0
Drug x_coords: -9.016,-8.648,-8.28,-7.912,-7.544,-7.176,-6.808,-6.44,-6.072,-5.704,-5.336,-4.968,-4.6,-4.232,-3.864,-3.496,-3.128,-2.76,-2.392,-2.024,-1.656,-1.288,-0.92,-0.552,-0.184,0.184,0.552,0.92,1.288,1.656,2.024,2.392,2.76,3.128,3.496,3.864,4.232,4.6,4.968,5.336,5.704,6.072,6.44,6.808,7.176,7.544,7.912,8.28,8.648,9.016
Drug y_coords: 0.020384014384029297,0.02134756539865512,0.014898825013128196,0.01793785596584645,0.02008747159995697,0.018753242105240733,0.020384014384029297,0.02016160729597505,0.01897564919329498,0.018086127357882616,0.016529597291916758,0.011563251276337613,0.014824689317110114,0.027648034392145877,0.043584652632722605,0.09450746096957986,0.16381325899880597,0.22815260449564825,0.3743234851446338,0.40471485983986266,0.4039735028796818,0.36743078271743546,0.3769917311004571,0.3202140135638499,0.14669068265554916,0.05603742574447257,0.09094958666153967,0.10651552642202597,0.15469542052301882,0.4146464867029747,0.7231489775984509,1.0,0.453783956225854,0.10636725502998981,0.039878400415841606,0.01986506451190272,0.01934622115658077,0.018086127357882616,0.020235742991993134,0.02742573382089625,0.023941888692069504,0.022237087234067483,0.016010647419790185,0.017493148306542583,0.024460732047391458,0.020013335903938886,0.022385252109299026,0.016900169255202546,0.022830066285407517,0.018234398749918782
Drug errors: 0.213291,0.207838,0.140578,0.185418,0.205414,0.191477,0.201173,0.172087,0.179965,0.175723,0.156333,0.107252,0.173299,0.281763,0.369624,0.788935,1.425174,1.989911,3.278142,3.90711,3.737446,3.003651,3.473255,3.092725,1.365186,0.57019,0.860436,0.976778,1.487586,4.182206,6.922878,9.486012,4.433672,1.111902,0.423553,0.152091,0.14785,0.132701,0.180571,0.255707,0.219957,0.239953,0.152697,0.152697,0.252072,0.174511,0.216321,0.151485,0.238741,0.20602
Average Density Condensate: 0.2621565128408143

Protein: YYYYYY, Drug: Acetic Acid
x_coords: -9.016,-8.648,-8.28,-7.912,-7.544,-7.176,-6.808,-6.44,-6.072,-5.704,-5.336,-4.968,-4.6,-4.232,-3.864,-3.496,-3.128,-2.76,-2.392,-2.024,-1.656,-1.288,-0.92,-0.552,-0.184,0.184,0.552,0.92,1.288,1.656,2.024,2.392,2.76,3.128,3.496,3.864,4.232,4.6,4.968,5.336,5.704,6.072,6.44,6.808,7.176,7.544,7.912,8.28,8.648,9.016
y_coords: 0.0,0.0,0.0,0.0,0.0,0.0,0.0,0.0,0.0,0.0,0.0,8.475128122727195e-05,0.006085212184767349,0.025434771577896927,0.04729758300492194,0.08705410753852139,0.21696209596941965,0.35143514368350726,0.5076340848739069,0.6468768499568696,0.779293168479272,0.8991932073812222,0.9821558445951659,1.0,0.9063224125974663,0.9708658220996904,0.9230925358997344,0.9789422052331579,0.9780880537185189,0.9501463051604282,0.8244642524905704,0.6441334167751975,0.3437680767214113,0.07982392639074472,0.011433114016541785,0.00012135970772795696,0.0,0.0,0.0,0.0,0.0,0.0,0.0,0.0,0.0,0.0,0.0,0.0,0.0,0.0
Drug x_coords: -9.016,-8.648,-8.28,-7.912,-7.544,-7.176,-6.808,-6.44,-6.072,-5.704,-5.336,-4.968,-4.6,-4.232,-3.864,-3.496,-3.128,-2.76,-2.392,-2.024,-1.656,-1.288,-0.92,-0.552,-0.184,0.184,0.552,0.92,1.288,1.656,2.024,2.392,2.76,3.128,3.496,3.864,4.232,4.6,4.968,5.336,5.704,6.072,6.44,6.808,7.176,7.544,7.912,8.28,8.648,9.016
Drug y_coords: 0.7685536734309568,0.7591201341499502,0.7232708914335931,0.7477989902884762,0.6654088614291992,0.699371396289355,0.8333339311495109,0.7295596187128419,0.7911950644296385,0.7949693768663074,0.8182393715756342,0.7408807625743161,0.7710698817220694,0.7830196292941883,0.699371396289355,0.8213841835773917,0.7679250697203117,0.8855349408610347,0.7490570944340325,0.6358492427163572,0.4553458217132814,0.2515724060008788,0.23018911914775325,0.0635220639005712,0.016352215357299787,0.3371073468619134,0.25786203000439395,0.04716984854327143,0.061006303971591784,0.2723270891433593,0.47547190114511695,0.7270443071459957,1.0,0.916981267430078,0.7830196292941883,0.7993713962893549,0.8056610202928702,0.7691822771416017,0.6710698817220694,0.7547172180026364,0.7257862030004394,0.7345911385708008,0.7037743124366689,0.7012581041455562,0.757862030004394,0.6220127872880368,0.5855349408610346,0.7213841835773918,0.7522019064357901,0.7654088614291992
Drug errors: 0.849529,0.86589,0.838622,0.831351,0.750155,0.777423,0.926484,0.810143,0.872555,0.828322,0.87922,0.833775,0.854983,0.873767,0.763486,1.023434,0.832563,1.057367,0.911335,0.744702,0.446579,0.279945,0.262373,0.081196,0.001212,0.370836,0.318119,0.039386,0.056353,0.29267,0.522322,0.756215,1.042219,0.985261,0.822868,0.903458,0.828322,0.828928,0.764698,0.84044,0.78833,0.860437,0.828927,0.798631,0.911335,0.75985,0.663505,0.816809,0.827716,0.805296
Average Density Condensate: 0.26321416602675773

Protein: YYYYYY, Drug: Aniline
x_coords: -9.016,-8.648,-8.28,-7.912,-7.544,-7.176,-6.808,-6.44,-6.072,-5.704,-5.336,-4.968,-4.6,-4.232,-3.864,-3.496,-3.128,-2.76,-2.392,-2.024,-1.656,-1.288,-0.92,-0.552,-0.184,0.184,0.552,0.92,1.288,1.656,2.024,2.392,2.76,3.128,3.496,3.864,4.232,4.6,4.968,5.336,5.704,6.072,6.44,6.808,7.176,7.544,7.912,8.28,8.648,9.016
y_coords: 0.0,0.0,0.0,0.0,0.0,0.0,0.0,0.0,0.0,0.0,0.0,0.0,0.0,0.002184369783864755,0.031639888722448106,0.12038347956344961,0.2687001925957629,0.4598921463727798,0.6205529638347956,0.6317158142520864,0.7234864112989514,0.8541502246950567,0.9298523432484485,0.9048491333190669,0.9054140808902205,0.9972009415792853,0.9523646479777444,0.9966959126899209,1.0,0.9250502888936444,0.8130314573079392,0.6004382623582281,0.3681566445538198,0.16620158356516157,0.04284374063770597,0.005510156216563236,0.000474336828589771,0.0,0.0,0.0,0.0,0.0,0.0,0.0,0.0,0.0,0.0,0.0,0.0,0.0
Drug x_coords: -9.016,-8.648,-8.28,-7.912,-7.544,-7.176,-6.808,-6.44,-6.072,-5.704,-5.336,-4.968,-4.6,-4.232,-3.864,-3.496,-3.128,-2.76,-2.392,-2.024,-1.656,-1.288,-0.92,-0.552,-0.184,0.184,0.552,0.92,1.288,1.656,2.024,2.392,2.76,3.128,3.496,3.864,4.232,4.6,4.968,5.336,5.704,6.072,6.44,6.808,7.176,7.544,7.912,8.28,8.648,9.016
Drug y_coords: 0.21079640020101337,0.17800955274526167,0.17949986399325035,0.1929126652251488,0.1712202802200082,0.1824804864892278,0.21609513095836347,0.19390620605714126,0.17701601191326918,0.189600785611869,0.18281151308661553,0.17386964559868326,0.1614503851987773,0.17883734975864565,0.19655557143581634,0.3763860009866252,0.5424732942678918,0.6880281787543625,0.9137256167560316,1.0,0.5651587590651956,0.4714362773800029,0.3989077966445521,0.6865367149068007,0.07782744201271548,0.002152673339449795,0.0006623597862619351,0.01175690752924145,0.2690835911314378,0.49147076315922933,0.6386807806326388,0.494949308670776,0.6482865454746635,0.40983674579646934,0.22768659434488542,0.17949986399325035,0.18761370394788407,0.1856266222838991,0.16592131894274345,0.13826791946556263,0.14737530025218878,0.17155153733731057,0.2006952480624801,0.18695142023319394,0.20500066850775236,0.1703922526867096,0.1831427702039179,0.1758567272626682,0.1990394235157975,0.17618798437997057
Drug errors: 0.895581,0.685925,0.749549,0.863466,0.692591,0.7853,0.913153,0.820444,0.728341,0.814385,0.757427,0.695015,0.707133,0.791359,0.854983,1.709966,2.481935,3.233908,4.004665,4.236741,2.381955,2.00506,1.641495,2.802478,0.327814,0.013331,0.004848,0.048475,1.109479,2.192295,2.838229,2.255314,2.866708,1.816006,1.082211,0.788936,0.871949,0.803478,0.754397,0.604123,0.705316,0.703498,0.868314,0.858013,0.90467,0.648963,0.731977,0.710163,0.833169,0.756821
Average Density Condensate: 0.26641578042371067

Protein: YYYYYY, Drug: Benzonitrile
x_coords: -9.016,-8.648,-8.28,-7.912,-7.544,-7.176,-6.808,-6.44,-6.072,-5.704,-5.336,-4.968,-4.6,-4.232,-3.864,-3.496,-3.128,-2.76,-2.392,-2.024,-1.656,-1.288,-0.92,-0.552,-0.184,0.184,0.552,0.92,1.288,1.656,2.024,2.392,2.76,3.128,3.496,3.864,4.232,4.6,4.968,5.336,5.704,6.072,6.44,6.808,7.176,7.544,7.912,8.28,8.648,9.016
y_coords: 0.0,0.0,0.0,0.0,0.0,0.0,0.0,0.0,0.0,0.0,5.293880209449211e-05,0.0006994172444231149,0.006068370941064558,0.030643173618312237,0.08831317970296607,0.17881426379973778,0.28888393737091533,0.33270715675268026,0.4223863840873448,0.6540942864243662,0.7307257877912707,0.9299664915543293,0.9650689451267065,0.9834771654083145,0.9202053356415025,0.942572865871948,0.9531824453452399,0.9991687163094434,1.0,0.9184742087807555,0.7052953628081964,0.6244380265153788,0.4520537849117726,0.16139501401184367,0.04427956841807571,0.0035325271881186423,3.4957193174903805e-05,0.0,0.0,0.0,0.0,0.0,0.0,0.0,0.0,0.0,0.0,0.0,0.0,0.0
Drug x_coords: -9.016,-8.648,-8.28,-7.912,-7.544,-7.176,-6.808,-6.44,-6.072,-5.704,-5.336,-4.968,-4.6,-4.232,-3.864,-3.496,-3.128,-2.76,-2.392,-2.024,-1.656,-1.288,-0.92,-0.552,-0.184,0.184,0.552,0.92,1.288,1.656,2.024,2.392,2.76,3.128,3.496,3.864,4.232,4.6,4.968,5.336,5.704,6.072,6.44,6.808,7.176,7.544,7.912,8.28,8.648,9.016
Drug y_coords: 0.036417528257880326,0.03985769157261468,0.03250294714089279,0.03724797082795632,0.038789955534958925,0.04211155668235656,0.0418742632147768,0.04317912358710598,0.0432976857544427,0.037959682097789264,0.046144699966680816,0.05053386801882787,0.048517127243759416,0.08873067445129057,0.1321470915059763,0.166073461186535,0.1740208473220341,0.38327377036148774,1.0,0.876274205033057,0.6546847278059572,0.3542116630669546,0.03499410571821443,0.26180251703591195,0.2462625856023922,0.08564653590437901,0.06548048121694508,0.17520816032446457,0.273783892120267,0.5996438060992708,0.9516009275248584,0.9164889361709325,0.7358245482882905,0.367733838927968,0.12787665475407228,0.05480430477073189,0.06132860663237778,0.04863585854400246,0.04294183011952622,0.03238438497355607,0.029893226396234426,0.036892115193039844,0.04353497922202246,0.035349961353130906,0.03036764419848761,0.035705816988047374,0.02846980385656853,0.03428239444838148,0.03084223113364713,0.0367733838927968
Drug errors: 0.210868,0.222986,0.186024,0.238135,0.236923,0.252072,0.238741,0.260555,0.28661,0.237529,0.274491,0.269644,0.248436,0.4896,0.855589,1.097359,1.104631,2.280158,5.834608,5.36561,4.260978,2.066259,0.129671,1.382151,1.460318,0.551407,0.399315,0.969506,1.616045,3.195129,5.284414,5.511036,4.442761,2.226229,0.710163,0.322967,0.387802,0.313272,0.210868,0.149062,0.171481,0.237529,0.269038,0.213897,0.171481,0.241165,0.163604,0.199355,0.204202,0.246012
Average Density Condensate: 0.26673068623239954

Protein: YYYYYY, Drug: Cyclopentanol
x_coords: -9.016,-8.648,-8.28,-7.912,-7.544,-7.176,-6.808,-6.44,-6.072,-5.704,-5.336,-4.968,-4.6,-4.232,-3.864,-3.496,-3.128,-2.76,-2.392,-2.024,-1.656,-1.288,-0.92,-0.552,-0.184,0.184,0.552,0.92,1.288,1.656,2.024,2.392,2.76,3.128,3.496,3.864,4.232,4.6,4.968,5.336,5.704,6.072,6.44,6.808,7.176,7.544,7.912,8.28,8.648,9.016
y_coords: 0.0,0.0,0.0,0.0,0.0,0.0,0.0,0.0,0.0,0.0,0.0,3.717024995479632e-05,0.0014098897030333816,0.014733814931850076,0.06140036679553302,0.1496388011124409,0.23906114119905977,0.33687242231425596,0.5264574956303114,0.6548841494390439,0.7476877244039571,0.9153356695740521,0.9861030988195383,0.9838902713081513,0.9179876184982048,0.9386263248981841,1.0,0.993447619703636,0.9837869486227946,0.9688912614838858,0.8583549306446474,0.6825091914138848,0.3290250643614227,0.09897624439259176,0.009797057025512092,0.00031238150179523164,0.0,0.0,0.0,0.0,0.0,0.0,0.0,0.0,0.0,0.0,0.0,0.0,0.0,0.0
Drug x_coords: -9.016,-8.648,-8.28,-7.912,-7.544,-7.176,-6.808,-6.44,-6.072,-5.704,-5.336,-4.968,-4.6,-4.232,-3.864,-3.496,-3.128,-2.76,-2.392,-2.024,-1.656,-1.288,-0.92,-0.552,-0.184,0.184,0.552,0.92,1.288,1.656,2.024,2.392,2.76,3.128,3.496,3.864,4.232,4.6,4.968,5.336,5.704,6.072,6.44,6.808,7.176,7.544,7.912,8.28,8.648,9.016
Drug y_coords: 0.19944925372396438,0.2159629902457594,0.21284390743111964,0.20642183011899876,0.19302742360496564,0.21614665473547862,0.2183484038740106,0.23210989217436012,0.24990730257921304,0.2554122934083482,0.17853201892510542,0.24330254954986133,0.22220165026128313,0.27486144825506376,0.3185305852049972,0.40256883092484835,0.9177959272461204,1.0,0.9080713498227625,0.8818342718432203,0.9227521493441967,0.8155964028456872,0.8682559536463457,0.35486303029104516,0.005137612411072275,0.0,0.0,0.07724760346268127,0.3511922124278814,0.2653197937420589,0.9291742266563175,0.9864216818031255,0.7192652431638742,0.4394500447419551,0.2653197937420589,0.19192642543913857,0.21192632656188973,0.22458681669641226,0.22275214934419665,0.22256848485447742,0.19853192004785658,0.17119236074375466,0.20954116012676063,0.18183476622946443,0.18513751353382343,0.21522907386624876,0.2159629902457594,0.22146773388177246,0.19834850275125945,0.19633017090932461
Drug errors: 0.733795,0.858013,0.852559,0.894975,0.80772,0.895581,0.883462,0.915577,0.957993,1.06888,0.721676,0.996167,0.973747,1.190069,1.34519,1.657249,3.8144,4.128278,3.756836,3.655037,3.575053,3.195734,3.434475,1.456077,0.029085,0.0,0.0,0.375078,1.504552,1.13917,3.837426,3.907715,2.623726,1.751776,0.980413,0.748943,0.785906,0.896793,0.918607,0.870132,0.815597,0.710163,0.913154,0.773787,0.780453,0.879827,0.830746,0.848924,0.766515,0.80166
Average Density Condensate: 0.2679845331605548

Protein: YYYYYY, Drug: Dioxane
x_coords: -9.016,-8.648,-8.28,-7.912,-7.544,-7.176,-6.808,-6.44,-6.072,-5.704,-5.336,-4.968,-4.6,-4.232,-3.864,-3.496,-3.128,-2.76,-2.392,-2.024,-1.656,-1.288,-0.92,-0.552,-0.184,0.184,0.552,0.92,1.288,1.656,2.024,2.392,2.76,3.128,3.496,3.864,4.232,4.6,4.968,5.336,5.704,6.072,6.44,6.808,7.176,7.544,7.912,8.28,8.648,9.016
y_coords: 0.0,0.0,0.0,0.0,0.0,0.0,0.0,0.0,0.0,0.0,0.0,0.0,0.0,0.0005762902829861258,0.013763300686514353,0.10416310429769836,0.26452896311784174,0.36742908416784476,0.5804313781923764,0.6463426815538419,0.7274504160564788,0.9336510543201308,0.9671302684262654,0.9401775964379133,0.9084167844717396,0.9400082957344689,0.9612809291222605,1.0,0.9907477165567624,0.9169834000660273,0.7736221038998418,0.6448706119373926,0.3661796449764249,0.107119094579838,0.01677456764832858,0.0015836472450543033,5.967367289411088e-05,0.0,0.0,0.0,0.0,0.0,0.0,0.0,0.0,0.0,0.0,0.0,0.0,0.0
Drug x_coords: -9.016,-8.648,-8.28,-7.912,-7.544,-7.176,-6.808,-6.44,-6.072,-5.704,-5.336,-4.968,-4.6,-4.232,-3.864,-3.496,-3.128,-2.76,-2.392,-2.024,-1.656,-1.288,-0.92,-0.552,-0.184,0.184,0.552,0.92,1.288,1.656,2.024,2.392,2.76,3.128,3.496,3.864,4.232,4.6,4.968,5.336,5.704,6.072,6.44,6.808,7.176,7.544,7.912,8.28,8.648,9.016
Drug y_coords: 0.2894853003167568,0.36611304483975476,0.3544062917775717,0.32418191234387983,0.31077093545628637,0.3735622493345699,0.37079514386539647,0.25713094220091776,0.3235435811583905,0.34206120752989916,0.3128997097399704,0.3180093702200436,0.33226944802418434,0.33525033422057354,0.43146069445615387,0.47381938840646043,0.46487974081345074,0.6228185332835516,0.613665104963326,1.0,0.847595418468246,0.319710583049296,0.21519830420696384,0.3867594454949475,0.35632128533403995,0.19135813992701345,0.001702853822158523,0.019369979163906585,0.1426140264245023,0.38761155740765274,0.6613472401209216,0.9293319201724699,0.6487883751460333,0.5404437003938383,0.32737356827132685,0.31417637211094923,0.25117097640583413,0.2801195967673945,0.31204759782726516,0.28969817774512524,0.2652196822796854,0.2767138590131159,0.35398174131929805,0.3126859290127546,0.3114092666417758,0.3833540088402847,0.3639842705560708,0.3194968023220802,0.2773524912982211,0.26990238350455864
Drug errors: 0.941027,1.184009,1.241573,1.041613,0.982231,1.249451,1.220366,0.896793,1.05252,1.18522,1.044037,1.085241,1.008892,1.103419,1.244603,1.50334,1.52879,2.046264,1.674822,3.13817,2.703104,1.017376,0.663506,1.42881,1.143411,0.660476,0.007877,0.08362,0.607153,1.411238,2.357718,3.310257,2.36196,1.874783,1.095541,1.119174,0.8465,0.941027,1.023434,0.939815,0.845894,0.883463,1.177344,1.062215,1.089482,1.25248,1.179768,1.083423,0.950722,0.857407
Average Density Condensate: 0.2634658121490185

Protein: YYYYYY, Drug: Furan
x_coords: -9.016,-8.648,-8.28,-7.912,-7.544,-7.176,-6.808,-6.44,-6.072,-5.704,-5.336,-4.968,-4.6,-4.232,-3.864,-3.496,-3.128,-2.76,-2.392,-2.024,-1.656,-1.288,-0.92,-0.552,-0.184,0.184,0.552,0.92,1.288,1.656,2.024,2.392,2.76,3.128,3.496,3.864,4.232,4.6,4.968,5.336,5.704,6.072,6.44,6.808,7.176,7.544,7.912,8.28,8.648,9.016
y_coords: 0.0,0.0,0.0,0.0,0.0,0.0,0.0,0.0,0.0,0.0,0.0,1.790806100592683e-05,0.001666893188015587,0.012351377622558085,0.06321674652261056,0.17118562420968422,0.2129495660252385,0.31953015457931544,0.5795528640613844,0.6423626463428272,0.8074106889403102,0.9103405562102691,0.9622454860603349,0.9790625456985317,0.9167146949273555,0.9108050683434981,0.9548304960817542,0.9706669189942453,1.0,0.9771442826298269,0.8205013290208256,0.6242939845678748,0.3891992326947725,0.1382474129254802,0.019673809257554773,0.0025571048851192675,1.9912000756982735e-05,0.0,0.0,0.0,0.0,0.0,0.0,0.0,0.0,0.0,0.0,0.0,0.0,0.0
Drug x_coords: -9.016,-8.648,-8.28,-7.912,-7.544,-7.176,-6.808,-6.44,-6.072,-5.704,-5.336,-4.968,-4.6,-4.232,-3.864,-3.496,-3.128,-2.76,-2.392,-2.024,-1.656,-1.288,-0.92,-0.552,-0.184,0.184,0.552,0.92,1.288,1.656,2.024,2.392,2.76,3.128,3.496,3.864,4.232,4.6,4.968,5.336,5.704,6.072,6.44,6.808,7.176,7.544,7.912,8.28,8.648,9.016
Drug y_coords: 0.17973889460687437,0.16939016706518634,0.15032696875892756,0.17674314852717304,0.16612204485596546,0.15005459262940804,0.17892176621831574,0.19390010527180868,0.18954247854450965,0.17129640862680948,0.18872574150096466,0.18327900160060112,0.17510889175005578,0.2096951813688466,0.27587162318171327,0.2818631153411159,0.3853488253779415,0.49237464240849377,0.6361665407840207,1.0,0.7619839626813395,0.9158490817089254,0.47195034614466463,0.3706428624539681,0.6535970476932168,0.5359469962313476,0.5678103072449703,0.24754920185184462,0.33687409256874956,0.5245118949316907,0.71459599497513,0.71459599497513,0.37608960235433164,0.26388903020792165,0.17347502631795217,0.19880209291313317,0.15141608193199207,0.15767995022091427,0.16993491932422544,0.15876906339397875,0.13344238814381149,0.14297398729694086,0.1549565802707325,0.17347502631795217,0.1849128670327047,0.186547123809822,0.17783226170023755,0.17456453083603035,0.16476055555338143,0.1723859131448877
Drug errors: 0.495054,0.441125,0.421735,0.522927,0.451426,0.359929,0.497478,0.544741,0.504749,0.415676,0.518686,0.495054,0.493236,0.602912,0.796207,0.813779,1.117356,1.30035,1.580295,2.551013,1.983246,2.251678,1.051308,0.796813,1.291867,1.375486,1.506976,0.462333,0.874373,1.176737,1.637859,1.830548,0.94951,0.697438,0.473846,0.569585,0.402951,0.406587,0.464757,0.412646,0.384167,0.404163,0.445973,0.508385,0.478694,0.525957,0.481723,0.442943,0.424765,0.445973
Average Density Condensate: 0.26773094607702297

