set type 3  charge 0.75
set type 23 charge 0.75
set type 5  charge 0.75
set type 25 charge 0.75
set type 16 charge 0.375
set type 36 charge 0.375
set type 7  charge -0.75
set type 27 charge -0.75
set type 8  charge -0.75
set type 28 charge -0.75

bond_coeff          1     9.600     3.81 
pair_style  hybrid/overlay wf/cut 25.0 coul/debye 0.105 0.0 
angle_style         harmonic

pair_coeff 1 1 wf/cut 0.039564 6.467950871367303 1 2 19.403852614101908
pair_coeff 1 21 wf/cut 0.039564 6.467950871367303 1 2 19.403852614101908
pair_coeff 21 21 wf/cut 0.039564 6.467950871367303 1 2 19.403852614101908
pair_coeff 1 2 wf/cut 0.068017 5.576178403526399 1 2 16.728535210579196
pair_coeff 1 22 wf/cut 0.068017 5.576178403526399 1 2 16.728535210579196
pair_coeff 2 21 wf/cut 0.068017 5.576178403526399 1 2 16.728535210579196
pair_coeff 21 22 wf/cut 0.068017 5.576178403526399 1 2 16.728535210579196
pair_coeff 1 3 wf/cut 0.032686 6.5677835361737795 1 2 19.70335060852134
pair_coeff 1 23 wf/cut 0.032686 6.5677835361737795 1 2 19.70335060852134
pair_coeff 3 21 wf/cut 0.032686 6.5677835361737795 1 2 19.70335060852134
pair_coeff 21 23 wf/cut 0.032686 6.5677835361737795 1 2 19.70335060852134
pair_coeff 1 4 wf/cut 0.035161 6.178228033595178 1 2 18.534684100785533
pair_coeff 1 24 wf/cut 0.035161 6.178228033595178 1 2 18.534684100785533
pair_coeff 4 21 wf/cut 0.035161 6.178228033595178 1 2 18.534684100785533
pair_coeff 21 24 wf/cut 0.035161 6.178228033595178 1 2 18.534684100785533
pair_coeff 1 5 wf/cut 0.171515 6.643964892255349 1 2 19.93189467676605
pair_coeff 1 25 wf/cut 0.171515 6.643964892255349 1 2 19.93189467676605
pair_coeff 5 21 wf/cut 0.171515 6.643964892255349 1 2 19.93189467676605
pair_coeff 21 25 wf/cut 0.171515 6.643964892255349 1 2 19.93189467676605
pair_coeff 1 6 wf/cut 0.044522 5.868502140125925 1 2 17.605506420377775
pair_coeff 1 26 wf/cut 0.044522 5.868502140125925 1 2 17.605506420377775
pair_coeff 6 21 wf/cut 0.044522 5.868502140125925 1 2 17.605506420377775
pair_coeff 21 26 wf/cut 0.044522 5.868502140125925 1 2 17.605506420377775
pair_coeff 1 7 wf/cut 0.073172 6.14145960937047 1 2 18.424378828111408
pair_coeff 1 27 wf/cut 0.073172 6.14145960937047 1 2 18.424378828111408
pair_coeff 7 21 wf/cut 0.073172 6.14145960937047 1 2 18.424378828111408
pair_coeff 21 27 wf/cut 0.073172 6.14145960937047 1 2 18.424378828111408
pair_coeff 1 8 wf/cut 0.077577 6.318176525841784 1 2 18.95452957752535
pair_coeff 1 28 wf/cut 0.077577 6.318176525841784 1 2 18.95452957752535
pair_coeff 8 21 wf/cut 0.077577 6.318176525841784 1 2 18.95452957752535
pair_coeff 21 28 wf/cut 0.077577 6.318176525841784 1 2 18.95452957752535
pair_coeff 1 9 wf/cut 0.229375 6.590037435016079 1 2 19.770112305048237
pair_coeff 1 29 wf/cut 0.229375 6.590037435016079 1 2 19.770112305048237
pair_coeff 9 21 wf/cut 0.229375 6.590037435016079 1 2 19.770112305048237
pair_coeff 21 29 wf/cut 0.229375 6.590037435016079 1 2 19.770112305048237
pair_coeff 1 10 wf/cut 0.022571 6.320571545407576 1 2 18.96171463622273
pair_coeff 1 30 wf/cut 0.022571 6.320571545407576 1 2 18.96171463622273
pair_coeff 10 21 wf/cut 0.022571 6.320571545407576 1 2 18.96171463622273
pair_coeff 21 30 wf/cut 0.022571 6.320571545407576 1 2 18.96171463622273
pair_coeff 1 11 wf/cut 0.025281 6.483443734640188 1 2 19.450331203920562
pair_coeff 1 31 wf/cut 0.025281 6.483443734640188 1 2 19.450331203920562
pair_coeff 11 21 wf/cut 0.025281 6.483443734640188 1 2 19.450331203920562
pair_coeff 21 31 wf/cut 0.025281 6.483443734640188 1 2 19.450331203920562
pair_coeff 1 12 wf/cut 0.120006 6.36518785664648 1 2 19.09556356993944
pair_coeff 1 32 wf/cut 0.120006 6.36518785664648 1 2 19.09556356993944
pair_coeff 12 21 wf/cut 0.120006 6.36518785664648 1 2 19.09556356993944
pair_coeff 21 32 wf/cut 0.120006 6.36518785664648 1 2 19.09556356993944
pair_coeff 1 13 wf/cut 0.294931 6.755728450520449 1 2 20.267185351561345
pair_coeff 1 33 wf/cut 0.294931 6.755728450520449 1 2 20.267185351561345
pair_coeff 13 21 wf/cut 0.294931 6.755728450520449 1 2 20.267185351561345
pair_coeff 21 33 wf/cut 0.294931 6.755728450520449 1 2 20.267185351561345
pair_coeff 1 14 wf/cut 0.215603 6.538208522101147 1 2 19.61462556630344
pair_coeff 1 34 wf/cut 0.215603 6.538208522101147 1 2 19.61462556630344
pair_coeff 14 21 wf/cut 0.215603 6.538208522101147 1 2 19.61462556630344
pair_coeff 21 34 wf/cut 0.215603 6.538208522101147 1 2 19.61462556630344
pair_coeff 1 15 wf/cut 0.050582 5.938940625510648 1 2 17.816821876531947
pair_coeff 1 35 wf/cut 0.050582 5.938940625510648 1 2 17.816821876531947
pair_coeff 15 21 wf/cut 0.050582 5.938940625510648 1 2 17.816821876531947
pair_coeff 21 35 wf/cut 0.050582 5.938940625510648 1 2 17.816821876531947
pair_coeff 1 16 wf/cut 0.203491 6.392507281968151 1 2 19.177521845904455
pair_coeff 1 36 wf/cut 0.203491 6.392507281968151 1 2 19.177521845904455
pair_coeff 16 21 wf/cut 0.203491 6.392507281968151 1 2 19.177521845904455
pair_coeff 21 36 wf/cut 0.203491 6.392507281968151 1 2 19.177521845904455
pair_coeff 1 17 wf/cut 0.116706 6.188018494610175 1 2 18.564055483830522
pair_coeff 1 37 wf/cut 0.116706 6.188018494610175 1 2 18.564055483830522
pair_coeff 17 21 wf/cut 0.116706 6.188018494610175 1 2 18.564055483830522
pair_coeff 21 37 wf/cut 0.116706 6.188018494610175 1 2 18.564055483830522
pair_coeff 1 18 wf/cut 0.059120 6.1344640513130955 1 2 18.403392153939286
pair_coeff 1 38 wf/cut 0.059120 6.1344640513130955 1 2 18.403392153939286
pair_coeff 18 21 wf/cut 0.059120 6.1344640513130955 1 2 18.403392153939286
pair_coeff 21 38 wf/cut 0.059120 6.1344640513130955 1 2 18.403392153939286
pair_coeff 1 19 wf/cut 0.054437 6.094294827619396 1 2 18.282884482858186
pair_coeff 1 39 wf/cut 0.054437 6.094294827619396 1 2 18.282884482858186
pair_coeff 19 21 wf/cut 0.054437 6.094294827619396 1 2 18.282884482858186
pair_coeff 21 39 wf/cut 0.054437 6.094294827619396 1 2 18.282884482858186
pair_coeff 1 20 wf/cut 0.019979 6.496393035701747 1 2 19.48917910710524
pair_coeff 1 40 wf/cut 0.019979 6.496393035701747 1 2 19.48917910710524
pair_coeff 20 21 wf/cut 0.019979 6.496393035701747 1 2 19.48917910710524
pair_coeff 21 40 wf/cut 0.019979 6.496393035701747 1 2 19.48917910710524
pair_coeff 2 2 wf/cut 0.096470 4.695110240398406 1 2 14.085330721195216
pair_coeff 2 22 wf/cut 0.096470 4.695110240398406 1 2 14.085330721195216
pair_coeff 22 22 wf/cut 0.096470 4.695110240398406 1 2 14.085330721195216
pair_coeff 2 3 wf/cut 0.061139 5.671338290828199 1 2 17.014014872484598
pair_coeff 2 23 wf/cut 0.061139 5.671338290828199 1 2 17.014014872484598
pair_coeff 3 22 wf/cut 0.061139 5.671338290828199 1 2 17.014014872484598
pair_coeff 22 23 wf/cut 0.061139 5.671338290828199 1 2 17.014014872484598
pair_coeff 2 4 wf/cut 0.063614 5.284424971479424 1 2 15.85327491443827
pair_coeff 2 24 wf/cut 0.063614 5.284424971479424 1 2 15.85327491443827
pair_coeff 4 22 wf/cut 0.063614 5.284424971479424 1 2 15.85327491443827
pair_coeff 22 24 wf/cut 0.063614 5.284424971479424 1 2 15.85327491443827
pair_coeff 2 5 wf/cut 0.199968 5.766386193227936 1 2 17.299158579683805
pair_coeff 2 25 wf/cut 0.199968 5.766386193227936 1 2 17.299158579683805
pair_coeff 5 22 wf/cut 0.199968 5.766386193227936 1 2 17.299158579683805
pair_coeff 22 25 wf/cut 0.199968 5.766386193227936 1 2 17.299158579683805
pair_coeff 2 6 wf/cut 0.072975 4.980134552672144 1 2 14.940403658016432
pair_coeff 2 26 wf/cut 0.072975 4.980134552672144 1 2 14.940403658016432
pair_coeff 6 22 wf/cut 0.072975 4.980134552672144 1 2 14.940403658016432
pair_coeff 22 26 wf/cut 0.072975 4.980134552672144 1 2 14.940403658016432
pair_coeff 2 7 wf/cut 0.101625 5.2592548053112145 1 2 15.777764415933643
pair_coeff 2 27 wf/cut 0.101625 5.2592548053112145 1 2 15.777764415933643
pair_coeff 7 22 wf/cut 0.101625 5.2592548053112145 1 2 15.777764415933643
pair_coeff 22 27 wf/cut 0.101625 5.2592548053112145 1 2 15.777764415933643
pair_coeff 2 8 wf/cut 0.106030 5.436374588857539 1 2 16.30912376657262
pair_coeff 2 28 wf/cut 0.106030 5.436374588857539 1 2 16.30912376657262
pair_coeff 8 22 wf/cut 0.106030 5.436374588857539 1 2 16.30912376657262
pair_coeff 22 28 wf/cut 0.106030 5.436374588857539 1 2 16.30912376657262
pair_coeff 2 9 wf/cut 0.257828 5.7131654456309935 1 2 17.139496336892982
pair_coeff 2 29 wf/cut 0.257828 5.7131654456309935 1 2 17.139496336892982
pair_coeff 9 22 wf/cut 0.257828 5.7131654456309935 1 2 17.139496336892982
pair_coeff 22 29 wf/cut 0.257828 5.7131654456309935 1 2 17.139496336892982
pair_coeff 2 10 wf/cut 0.051024 5.412393397897493 1 2 16.23718019369248
pair_coeff 2 30 wf/cut 0.051024 5.412393397897493 1 2 16.23718019369248
pair_coeff 10 22 wf/cut 0.051024 5.412393397897493 1 2 16.23718019369248
pair_coeff 22 30 wf/cut 0.051024 5.412393397897493 1 2 16.23718019369248
pair_coeff 2 11 wf/cut 0.053734 5.578930397816427 1 2 16.736791193449278
pair_coeff 2 31 wf/cut 0.053734 5.578930397816427 1 2 16.736791193449278
pair_coeff 11 22 wf/cut 0.053734 5.578930397816427 1 2 16.736791193449278
pair_coeff 22 31 wf/cut 0.053734 5.578930397816427 1 2 16.736791193449278
pair_coeff 2 12 wf/cut 0.148459 5.486299347261422 1 2 16.458898041784266
pair_coeff 2 32 wf/cut 0.148459 5.486299347261422 1 2 16.458898041784266
pair_coeff 12 22 wf/cut 0.148459 5.486299347261422 1 2 16.458898041784266
pair_coeff 22 32 wf/cut 0.148459 5.486299347261422 1 2 16.458898041784266
pair_coeff 2 13 wf/cut 0.323384 5.879238002082802 1 2 17.63771400624841
pair_coeff 2 33 wf/cut 0.323384 5.879238002082802 1 2 17.63771400624841
pair_coeff 13 22 wf/cut 0.323384 5.879238002082802 1 2 17.63771400624841
pair_coeff 22 33 wf/cut 0.323384 5.879238002082802 1 2 17.63771400624841
pair_coeff 2 14 wf/cut 0.244056 5.661218822883835 1 2 16.983656468651503
pair_coeff 2 34 wf/cut 0.244056 5.661218822883835 1 2 16.983656468651503
pair_coeff 14 22 wf/cut 0.244056 5.661218822883835 1 2 16.983656468651503
pair_coeff 22 34 wf/cut 0.244056 5.661218822883835 1 2 16.983656468651503
pair_coeff 2 15 wf/cut 0.079035 5.052524512175333 1 2 15.157573536526
pair_coeff 2 35 wf/cut 0.079035 5.052524512175333 1 2 15.157573536526
pair_coeff 15 22 wf/cut 0.079035 5.052524512175333 1 2 15.157573536526
pair_coeff 22 35 wf/cut 0.079035 5.052524512175333 1 2 15.157573536526
pair_coeff 2 16 wf/cut 0.231944 5.515411637199979 1 2 16.54623491159994
pair_coeff 2 36 wf/cut 0.231944 5.515411637199979 1 2 16.54623491159994
pair_coeff 16 22 wf/cut 0.231944 5.515411637199979 1 2 16.54623491159994
pair_coeff 22 36 wf/cut 0.231944 5.515411637199979 1 2 16.54623491159994
pair_coeff 2 17 wf/cut 0.145159 5.3090163197417555 1 2 15.927048959225267
pair_coeff 2 37 wf/cut 0.145159 5.3090163197417555 1 2 15.927048959225267
pair_coeff 17 22 wf/cut 0.145159 5.3090163197417555 1 2 15.927048959225267
pair_coeff 22 37 wf/cut 0.145159 5.3090163197417555 1 2 15.927048959225267
pair_coeff 2 18 wf/cut 0.087573 5.249990542761369 1 2 15.749971628284106
pair_coeff 2 38 wf/cut 0.087573 5.249990542761369 1 2 15.749971628284106
pair_coeff 18 22 wf/cut 0.087573 5.249990542761369 1 2 15.749971628284106
pair_coeff 22 38 wf/cut 0.087573 5.249990542761369 1 2 15.749971628284106
pair_coeff 2 19 wf/cut 0.082890 5.208722790322849 1 2 15.626168370968546
pair_coeff 2 39 wf/cut 0.082890 5.208722790322849 1 2 15.626168370968546
pair_coeff 19 22 wf/cut 0.082890 5.208722790322849 1 2 15.626168370968546
pair_coeff 22 39 wf/cut 0.082890 5.208722790322849 1 2 15.626168370968546
pair_coeff 2 20 wf/cut 0.048432 5.580329252471181 1 2 16.740987757413542
pair_coeff 2 40 wf/cut 0.048432 5.580329252471181 1 2 16.740987757413542
pair_coeff 20 22 wf/cut 0.048432 5.580329252471181 1 2 16.740987757413542
pair_coeff 22 40 wf/cut 0.048432 5.580329252471181 1 2 16.740987757413542
pair_coeff 3 3 wf/cut 0.019117 6.671340524039856 1 2 20.014021572119567
pair_coeff 3 23 wf/cut 0.019117 6.671340524039856 1 2 20.014021572119567
pair_coeff 23 23 wf/cut 0.019117 6.671340524039856 1 2 20.014021572119567
pair_coeff 3 4 wf/cut 0.028283 6.279399881910995 1 2 18.838199645732985
pair_coeff 3 24 wf/cut 0.028283 6.279399881910995 1 2 18.838199645732985
pair_coeff 4 23 wf/cut 0.028283 6.279399881910995 1 2 18.838199645732985
pair_coeff 23 24 wf/cut 0.028283 6.279399881910995 1 2 18.838199645732985
pair_coeff 3 5 wf/cut 0.121938 6.73819193132635 1 2 20.21457579397905
pair_coeff 3 25 wf/cut 0.121938 6.73819193132635 1 2 20.21457579397905
pair_coeff 5 23 wf/cut 0.121938 6.73819193132635 1 2 20.21457579397905
pair_coeff 23 25 wf/cut 0.121938 6.73819193132635 1 2 20.21457579397905
pair_coeff 3 6 wf/cut 0.037644 5.966686347623176 1 2 17.90005904286953
pair_coeff 3 26 wf/cut 0.037644 5.966686347623176 1 2 17.90005904286953
pair_coeff 6 23 wf/cut 0.037644 5.966686347623176 1 2 17.90005904286953
pair_coeff 23 26 wf/cut 0.037644 5.966686347623176 1 2 17.90005904286953
pair_coeff 3 7 wf/cut 0.000493 6.236987380482699 1 2 18.710962141448096
pair_coeff 3 27 wf/cut 0.000493 6.236987380482699 1 2 18.710962141448096
pair_coeff 7 23 wf/cut 0.000493 6.236987380482699 1 2 18.710962141448096
pair_coeff 23 27 wf/cut 0.000493 6.236987380482699 1 2 18.710962141448096
pair_coeff 3 8 wf/cut 0.000526 6.413575163938182 1 2 19.240725491814544
pair_coeff 3 28 wf/cut 0.000526 6.413575163938182 1 2 19.240725491814544
pair_coeff 8 23 wf/cut 0.000526 6.413575163938182 1 2 19.240725491814544
pair_coeff 23 28 wf/cut 0.000526 6.413575163938182 1 2 19.240725491814544
pair_coeff 3 9 wf/cut 0.102701 6.684083406034673 1 2 20.052250218104017
pair_coeff 3 29 wf/cut 0.102701 6.684083406034673 1 2 20.052250218104017
pair_coeff 9 23 wf/cut 0.102701 6.684083406034673 1 2 20.052250218104017
pair_coeff 23 29 wf/cut 0.102701 6.684083406034673 1 2 20.052250218104017
pair_coeff 3 10 wf/cut 0.015693 6.433541011383533 1 2 19.3006230341506
pair_coeff 3 30 wf/cut 0.015693 6.433541011383533 1 2 19.3006230341506
pair_coeff 10 23 wf/cut 0.015693 6.433541011383533 1 2 19.3006230341506
pair_coeff 23 30 wf/cut 0.015693 6.433541011383533 1 2 19.3006230341506
pair_coeff 3 11 wf/cut 0.018403 6.592557574989555 1 2 19.777672724968664
pair_coeff 3 31 wf/cut 0.018403 6.592557574989555 1 2 19.777672724968664
pair_coeff 11 23 wf/cut 0.018403 6.592557574989555 1 2 19.777672724968664
pair_coeff 23 31 wf/cut 0.018403 6.592557574989555 1 2 19.777672724968664
pair_coeff 3 12 wf/cut 0.113128 6.4596938105680355 1 2 19.37908143170411
pair_coeff 3 32 wf/cut 0.113128 6.4596938105680355 1 2 19.37908143170411
pair_coeff 12 23 wf/cut 0.113128 6.4596938105680355 1 2 19.37908143170411
pair_coeff 23 32 wf/cut 0.113128 6.4596938105680355 1 2 19.37908143170411
pair_coeff 3 13 wf/cut 0.104796 6.849685211660051 1 2 20.549055634980153
pair_coeff 3 33 wf/cut 0.104796 6.849685211660051 1 2 20.549055634980153
pair_coeff 13 23 wf/cut 0.104796 6.849685211660051 1 2 20.549055634980153
pair_coeff 23 33 wf/cut 0.104796 6.849685211660051 1 2 20.549055634980153
pair_coeff 3 14 wf/cut 0.115276 6.632280360446061 1 2 19.896841081338184
pair_coeff 3 34 wf/cut 0.115276 6.632280360446061 1 2 19.896841081338184
pair_coeff 14 23 wf/cut 0.115276 6.632280360446061 1 2 19.896841081338184
pair_coeff 23 34 wf/cut 0.115276 6.632280360446061 1 2 19.896841081338184
pair_coeff 3 15 wf/cut 0.043704 6.036179732070119 1 2 18.10853919621036
pair_coeff 3 35 wf/cut 0.043704 6.036179732070119 1 2 18.10853919621036
pair_coeff 15 23 wf/cut 0.043704 6.036179732070119 1 2 18.10853919621036
pair_coeff 23 35 wf/cut 0.043704 6.036179732070119 1 2 18.10853919621036
pair_coeff 3 16 wf/cut 0.087370 6.4866030031823305 1 2 19.45980900954699
pair_coeff 3 36 wf/cut 0.087370 6.4866030031823305 1 2 19.45980900954699
pair_coeff 16 23 wf/cut 0.087370 6.4866030031823305 1 2 19.45980900954699
pair_coeff 23 36 wf/cut 0.087370 6.4866030031823305 1 2 19.45980900954699
pair_coeff 3 17 wf/cut 0.109828 6.2825460057664415 1 2 18.847638017299325
pair_coeff 3 37 wf/cut 0.109828 6.2825460057664415 1 2 18.847638017299325
pair_coeff 17 23 wf/cut 0.109828 6.2825460057664415 1 2 18.847638017299325
pair_coeff 23 37 wf/cut 0.109828 6.2825460057664415 1 2 18.847638017299325
pair_coeff 3 18 wf/cut 0.052242 6.2310615597122725 1 2 18.693184679136817
pair_coeff 3 38 wf/cut 0.052242 6.2310615597122725 1 2 18.693184679136817
pair_coeff 18 23 wf/cut 0.052242 6.2310615597122725 1 2 18.693184679136817
pair_coeff 23 38 wf/cut 0.052242 6.2310615597122725 1 2 18.693184679136817
pair_coeff 3 19 wf/cut 0.047559 6.191153675456269 1 2 18.573461026368804
pair_coeff 3 39 wf/cut 0.047559 6.191153675456269 1 2 18.573461026368804
pair_coeff 19 23 wf/cut 0.047559 6.191153675456269 1 2 18.573461026368804
pair_coeff 23 39 wf/cut 0.047559 6.191153675456269 1 2 18.573461026368804
pair_coeff 3 20 wf/cut 0.013101 6.617996254538358 1 2 19.853988763615074
pair_coeff 3 40 wf/cut 0.013101 6.617996254538358 1 2 19.853988763615074
pair_coeff 20 23 wf/cut 0.013101 6.617996254538358 1 2 19.853988763615074
pair_coeff 23 40 wf/cut 0.013101 6.617996254538358 1 2 19.853988763615074
pair_coeff 4 4 wf/cut 0.030758 5.8890615748048605 1 2 17.667184724414582
pair_coeff 4 24 wf/cut 0.030758 5.8890615748048605 1 2 17.667184724414582
pair_coeff 24 24 wf/cut 0.030758 5.8890615748048605 1 2 17.667184724414582
pair_coeff 4 5 wf/cut 0.167112 6.352015695367313 1 2 19.056047086101938
pair_coeff 4 25 wf/cut 0.167112 6.352015695367313 1 2 19.056047086101938
pair_coeff 5 24 wf/cut 0.167112 6.352015695367313 1 2 19.056047086101938
pair_coeff 24 25 wf/cut 0.167112 6.352015695367313 1 2 19.056047086101938
pair_coeff 4 6 wf/cut 0.040119 5.577947754246859 1 2 16.733843262740578
pair_coeff 4 26 wf/cut 0.040119 5.577947754246859 1 2 16.733843262740578
pair_coeff 6 24 wf/cut 0.040119 5.577947754246859 1 2 16.733843262740578
pair_coeff 24 26 wf/cut 0.040119 5.577947754246859 1 2 16.733843262740578
pair_coeff 4 7 wf/cut 0.068769 5.849866323299111 1 2 17.549598969897332
pair_coeff 4 27 wf/cut 0.068769 5.849866323299111 1 2 17.549598969897332
pair_coeff 7 24 wf/cut 0.068769 5.849866323299111 1 2 17.549598969897332
pair_coeff 24 27 wf/cut 0.068769 5.849866323299111 1 2 17.549598969897332
pair_coeff 4 8 wf/cut 0.073174 6.026541387517959 1 2 18.079624162553877
pair_coeff 4 28 wf/cut 0.073174 6.026541387517959 1 2 18.079624162553877
pair_coeff 8 24 wf/cut 0.073174 6.026541387517959 1 2 18.079624162553877
pair_coeff 24 28 wf/cut 0.073174 6.026541387517959 1 2 18.079624162553877
pair_coeff 4 9 wf/cut 0.224972 6.298063007043266 1 2 18.894189021129797
pair_coeff 4 29 wf/cut 0.224972 6.298063007043266 1 2 18.894189021129797
pair_coeff 9 24 wf/cut 0.224972 6.298063007043266 1 2 18.894189021129797
pair_coeff 24 29 wf/cut 0.224972 6.298063007043266 1 2 18.894189021129797
pair_coeff 4 10 wf/cut 0.018168 6.03696547344559 1 2 18.11089642033677
pair_coeff 4 30 wf/cut 0.018168 6.03696547344559 1 2 18.11089642033677
pair_coeff 10 24 wf/cut 0.018168 6.03696547344559 1 2 18.11089642033677
pair_coeff 24 30 wf/cut 0.018168 6.03696547344559 1 2 18.11089642033677
pair_coeff 4 11 wf/cut 0.020878 6.198088878491606 1 2 18.594266635474817
pair_coeff 4 31 wf/cut 0.020878 6.198088878491606 1 2 18.594266635474817
pair_coeff 11 24 wf/cut 0.020878 6.198088878491606 1 2 18.594266635474817
pair_coeff 24 31 wf/cut 0.020878 6.198088878491606 1 2 18.594266635474817
pair_coeff 4 12 wf/cut 0.115603 6.073287961608412 1 2 18.219863884825237
pair_coeff 4 32 wf/cut 0.115603 6.073287961608412 1 2 18.219863884825237
pair_coeff 12 24 wf/cut 0.115603 6.073287961608412 1 2 18.219863884825237
pair_coeff 24 32 wf/cut 0.115603 6.073287961608412 1 2 18.219863884825237
pair_coeff 4 13 wf/cut 0.290527 6.463775207339586 1 2 19.39132562201876
pair_coeff 4 33 wf/cut 0.290527 6.463775207339586 1 2 19.39132562201876
pair_coeff 13 24 wf/cut 0.290527 6.463775207339586 1 2 19.39132562201876
pair_coeff 24 33 wf/cut 0.290527 6.463775207339586 1 2 19.39132562201876
pair_coeff 4 14 wf/cut 0.211200 6.246251077325644 1 2 18.73875323197693
pair_coeff 4 34 wf/cut 0.211200 6.246251077325644 1 2 18.73875323197693
pair_coeff 14 24 wf/cut 0.211200 6.246251077325644 1 2 18.73875323197693
pair_coeff 24 34 wf/cut 0.211200 6.246251077325644 1 2 18.73875323197693
pair_coeff 4 15 wf/cut 0.046179 5.648007650359314 1 2 16.94402295107794
pair_coeff 4 35 wf/cut 0.046179 5.648007650359314 1 2 16.94402295107794
pair_coeff 15 24 wf/cut 0.046179 5.648007650359314 1 2 16.94402295107794
pair_coeff 24 35 wf/cut 0.046179 5.648007650359314 1 2 16.94402295107794
pair_coeff 4 16 wf/cut 0.199088 6.1005286446452045 1 2 18.301585933935613
pair_coeff 4 36 wf/cut 0.199088 6.1005286446452045 1 2 18.301585933935613
pair_coeff 16 24 wf/cut 0.199088 6.1005286446452045 1 2 18.301585933935613
pair_coeff 24 36 wf/cut 0.199088 6.1005286446452045 1 2 18.301585933935613
pair_coeff 4 17 wf/cut 0.112303 5.896099182190375 1 2 17.688297546571125
pair_coeff 4 37 wf/cut 0.112303 5.896099182190375 1 2 17.688297546571125
pair_coeff 17 24 wf/cut 0.112303 5.896099182190375 1 2 17.688297546571125
pair_coeff 24 37 wf/cut 0.112303 5.896099182190375 1 2 17.688297546571125
pair_coeff 4 18 wf/cut 0.054717 5.84319611761197 1 2 17.52958835283591
pair_coeff 4 38 wf/cut 0.054717 5.84319611761197 1 2 17.52958835283591
pair_coeff 18 24 wf/cut 0.054717 5.84319611761197 1 2 17.52958835283591
pair_coeff 24 38 wf/cut 0.054717 5.84319611761197 1 2 17.52958835283591
pair_coeff 4 19 wf/cut 0.050034 5.803211551983609 1 2 17.40963465595083
pair_coeff 4 39 wf/cut 0.050034 5.803211551983609 1 2 17.40963465595083
pair_coeff 19 24 wf/cut 0.050034 5.803211551983609 1 2 17.40963465595083
pair_coeff 24 39 wf/cut 0.050034 5.803211551983609 1 2 17.40963465595083
pair_coeff 4 20 wf/cut 0.015576 6.214617146494642 1 2 18.643851439483925
pair_coeff 4 40 wf/cut 0.015576 6.214617146494642 1 2 18.643851439483925
pair_coeff 20 24 wf/cut 0.015576 6.214617146494642 1 2 18.643851439483925
pair_coeff 24 40 wf/cut 0.015576 6.214617146494642 1 2 18.643851439483925
pair_coeff 5 5 wf/cut 0.089916 6.839051042416954 1 2 20.51715312725086
pair_coeff 5 25 wf/cut 0.089916 6.839051042416954 1 2 20.51715312725086
pair_coeff 25 25 wf/cut 0.089916 6.839051042416954 1 2 20.51715312725086
pair_coeff 5 6 wf/cut 0.176473 6.049093128275473 1 2 18.14727938482642
pair_coeff 5 26 wf/cut 0.176473 6.049093128275473 1 2 18.14727938482642
pair_coeff 6 25 wf/cut 0.176473 6.049093128275473 1 2 18.14727938482642
pair_coeff 25 26 wf/cut 0.176473 6.049093128275473 1 2 18.14727938482642
pair_coeff 5 7 wf/cut 0.001522 6.329860382208001 1 2 18.989581146624005
pair_coeff 5 27 wf/cut 0.001522 6.329860382208001 1 2 18.989581146624005
pair_coeff 7 25 wf/cut 0.001522 6.329860382208001 1 2 18.989581146624005
pair_coeff 25 27 wf/cut 0.001522 6.329860382208001 1 2 18.989581146624005
pair_coeff 5 8 wf/cut 0.001554 6.507087894628845 1 2 19.521263683886534
pair_coeff 5 28 wf/cut 0.001554 6.507087894628845 1 2 19.521263683886534
pair_coeff 8 25 wf/cut 0.001554 6.507087894628845 1 2 19.521263683886534
pair_coeff 25 28 wf/cut 0.001554 6.507087894628845 1 2 19.521263683886534
pair_coeff 5 9 wf/cut 0.607820 6.786238537205683 1 2 20.358715611617047
pair_coeff 5 29 wf/cut 0.607820 6.786238537205683 1 2 20.358715611617047
pair_coeff 9 25 wf/cut 0.607820 6.786238537205683 1 2 20.358715611617047
pair_coeff 25 29 wf/cut 0.607820 6.786238537205683 1 2 20.358715611617047
pair_coeff 5 10 wf/cut 0.154522 6.477800731622431 1 2 19.433402194867295
pair_coeff 5 30 wf/cut 0.154522 6.477800731622431 1 2 19.433402194867295
pair_coeff 10 25 wf/cut 0.154522 6.477800731622431 1 2 19.433402194867295
pair_coeff 25 30 wf/cut 0.154522 6.477800731622431 1 2 19.433402194867295
pair_coeff 5 11 wf/cut 0.157232 6.644606745714045 1 2 19.933820237142136
pair_coeff 5 31 wf/cut 0.157232 6.644606745714045 1 2 19.933820237142136
pair_coeff 11 25 wf/cut 0.157232 6.644606745714045 1 2 19.933820237142136
pair_coeff 25 31 wf/cut 0.157232 6.644606745714045 1 2 19.933820237142136
pair_coeff 5 12 wf/cut 0.251957 6.5582801074116395 1 2 19.674840322234918
pair_coeff 5 32 wf/cut 0.251957 6.5582801074116395 1 2 19.674840322234918
pair_coeff 12 25 wf/cut 0.251957 6.5582801074116395 1 2 19.674840322234918
pair_coeff 25 32 wf/cut 0.251957 6.5582801074116395 1 2 19.674840322234918
pair_coeff 5 13 wf/cut 0.691657 6.952550947859904 1 2 20.85765284357971
pair_coeff 5 33 wf/cut 0.691657 6.952550947859904 1 2 20.85765284357971
pair_coeff 13 25 wf/cut 0.691657 6.952550947859904 1 2 20.85765284357971
pair_coeff 25 33 wf/cut 0.691657 6.952550947859904 1 2 20.85765284357971
pair_coeff 5 14 wf/cut 0.544942 6.734244851368496 1 2 20.20273455410549
pair_coeff 5 34 wf/cut 0.544942 6.734244851368496 1 2 20.20273455410549
pair_coeff 14 25 wf/cut 0.544942 6.734244851368496 1 2 20.20273455410549
pair_coeff 25 34 wf/cut 0.544942 6.734244851368496 1 2 20.20273455410549
pair_coeff 5 15 wf/cut 0.182533 6.121907195991114 1 2 18.365721587973344
pair_coeff 5 35 wf/cut 0.182533 6.121907195991114 1 2 18.365721587973344
pair_coeff 15 25 wf/cut 0.182533 6.121907195991114 1 2 18.365721587973344
pair_coeff 25 35 wf/cut 0.182533 6.121907195991114 1 2 18.365721587973344
pair_coeff 5 16 wf/cut 0.124237 6.588371399225676 1 2 19.76511419767703
pair_coeff 5 36 wf/cut 0.124237 6.588371399225676 1 2 19.76511419767703
pair_coeff 16 25 wf/cut 0.124237 6.588371399225676 1 2 19.76511419767703
pair_coeff 25 36 wf/cut 0.124237 6.588371399225676 1 2 19.76511419767703
pair_coeff 5 17 wf/cut 0.248657 6.381027696653046 1 2 19.143083089959138
pair_coeff 5 37 wf/cut 0.248657 6.381027696653046 1 2 19.143083089959138
pair_coeff 17 25 wf/cut 0.248657 6.381027696653046 1 2 19.143083089959138
pair_coeff 25 37 wf/cut 0.248657 6.381027696653046 1 2 19.143083089959138
pair_coeff 5 18 wf/cut 0.191071 6.319850876308843 1 2 18.95955262892653
pair_coeff 5 38 wf/cut 0.191071 6.319850876308843 1 2 18.95955262892653
pair_coeff 18 25 wf/cut 0.191071 6.319850876308843 1 2 18.95955262892653
pair_coeff 25 38 wf/cut 0.191071 6.319850876308843 1 2 18.95955262892653
pair_coeff 5 19 wf/cut 0.186388 6.2782756347766915 1 2 18.834826904330075
pair_coeff 5 39 wf/cut 0.186388 6.2782756347766915 1 2 18.834826904330075
pair_coeff 19 25 wf/cut 0.186388 6.2782756347766915 1 2 18.834826904330075
pair_coeff 25 39 wf/cut 0.186388 6.2782756347766915 1 2 18.834826904330075
pair_coeff 5 20 wf/cut 0.151930 6.644914452592528 1 2 19.934743357777585
pair_coeff 5 40 wf/cut 0.151930 6.644914452592528 1 2 19.934743357777585
pair_coeff 20 25 wf/cut 0.151930 6.644914452592528 1 2 19.934743357777585
pair_coeff 25 40 wf/cut 0.151930 6.644914452592528 1 2 19.934743357777585
pair_coeff 6 6 wf/cut 0.049480 5.270073550243385 1 2 15.810220650730155
pair_coeff 6 26 wf/cut 0.049480 5.270073550243385 1 2 15.810220650730155
pair_coeff 26 26 wf/cut 0.049480 5.270073550243385 1 2 15.810220650730155
pair_coeff 6 7 wf/cut 0.078130 5.545103888084069 1 2 16.635311664252207
pair_coeff 6 27 wf/cut 0.078130 5.545103888084069 1 2 16.635311664252207
pair_coeff 7 26 wf/cut 0.078130 5.545103888084069 1 2 16.635311664252207
pair_coeff 26 27 wf/cut 0.078130 5.545103888084069 1 2 16.635311664252207
pair_coeff 6 8 wf/cut 0.082535 5.721983178129665 1 2 17.165949534388993
pair_coeff 6 28 wf/cut 0.082535 5.721983178129665 1 2 17.165949534388993
pair_coeff 8 26 wf/cut 0.082535 5.721983178129665 1 2 17.165949534388993
pair_coeff 26 28 wf/cut 0.082535 5.721983178129665 1 2 17.165949534388993
pair_coeff 6 9 wf/cut 0.234333 5.995374866482686 1 2 17.986124599448058
pair_coeff 6 29 wf/cut 0.234333 5.995374866482686 1 2 17.986124599448058
pair_coeff 9 26 wf/cut 0.234333 5.995374866482686 1 2 17.986124599448058
pair_coeff 26 29 wf/cut 0.234333 5.995374866482686 1 2 17.986124599448058
pair_coeff 6 10 wf/cut 0.027529 5.714672842433839 1 2 17.14401852730152
pair_coeff 6 30 wf/cut 0.027529 5.714672842433839 1 2 17.14401852730152
pair_coeff 10 26 wf/cut 0.027529 5.714672842433839 1 2 17.14401852730152
pair_coeff 26 30 wf/cut 0.027529 5.714672842433839 1 2 17.14401852730152
pair_coeff 6 11 wf/cut 0.030239 5.879183169613761 1 2 17.637549508841282
pair_coeff 6 31 wf/cut 0.030239 5.879183169613761 1 2 17.637549508841282
pair_coeff 11 26 wf/cut 0.030239 5.879183169613761 1 2 17.637549508841282
pair_coeff 26 31 wf/cut 0.030239 5.879183169613761 1 2 17.637549508841282
pair_coeff 6 12 wf/cut 0.124964 5.769878425481944 1 2 17.30963527644583
pair_coeff 6 32 wf/cut 0.124964 5.769878425481944 1 2 17.30963527644583
pair_coeff 12 26 wf/cut 0.124964 5.769878425481944 1 2 17.30963527644583
pair_coeff 26 32 wf/cut 0.124964 5.769878425481944 1 2 17.30963527644583
pair_coeff 6 13 wf/cut 0.299889 6.1612197345718664 1 2 18.4836592037156
pair_coeff 6 33 wf/cut 0.299889 6.1612197345718664 1 2 18.4836592037156
pair_coeff 13 26 wf/cut 0.299889 6.1612197345718664 1 2 18.4836592037156
pair_coeff 26 33 wf/cut 0.299889 6.1612197345718664 1 2 18.4836592037156
pair_coeff 6 14 wf/cut 0.220561 5.943524169558512 1 2 17.830572508675537
pair_coeff 6 34 wf/cut 0.220561 5.943524169558512 1 2 17.830572508675537
pair_coeff 14 26 wf/cut 0.220561 5.943524169558512 1 2 17.830572508675537
pair_coeff 26 34 wf/cut 0.220561 5.943524169558512 1 2 17.830572508675537
pair_coeff 6 15 wf/cut 0.055540 5.341186580911172 1 2 16.023559742733518
pair_coeff 6 35 wf/cut 0.055540 5.341186580911172 1 2 16.023559742733518
pair_coeff 15 26 wf/cut 0.055540 5.341186580911172 1 2 16.023559742733518
pair_coeff 26 35 wf/cut 0.055540 5.341186580911172 1 2 16.023559742733518
pair_coeff 6 16 wf/cut 0.208449 5.797765867232053 1 2 17.393297601696162
pair_coeff 6 36 wf/cut 0.208449 5.797765867232053 1 2 17.393297601696162
pair_coeff 16 26 wf/cut 0.208449 5.797765867232053 1 2 17.393297601696162
pair_coeff 26 36 wf/cut 0.208449 5.797765867232053 1 2 17.393297601696162
pair_coeff 6 17 wf/cut 0.121665 5.592676667454632 1 2 16.778030002363895
pair_coeff 6 37 wf/cut 0.121665 5.592676667454632 1 2 16.778030002363895
pair_coeff 17 26 wf/cut 0.121665 5.592676667454632 1 2 16.778030002363895
pair_coeff 26 37 wf/cut 0.121665 5.592676667454632 1 2 16.778030002363895
pair_coeff 6 18 wf/cut 0.064078 5.537383848868321 1 2 16.612151546604963
pair_coeff 6 38 wf/cut 0.064078 5.537383848868321 1 2 16.612151546604963
pair_coeff 18 26 wf/cut 0.064078 5.537383848868321 1 2 16.612151546604963
pair_coeff 26 38 wf/cut 0.064078 5.537383848868321 1 2 16.612151546604963
pair_coeff 6 19 wf/cut 0.059395 5.496867679432823 1 2 16.490603038298467
pair_coeff 6 39 wf/cut 0.059395 5.496867679432823 1 2 16.490603038298467
pair_coeff 19 26 wf/cut 0.059395 5.496867679432823 1 2 16.490603038298467
pair_coeff 26 39 wf/cut 0.059395 5.496867679432823 1 2 16.490603038298467
pair_coeff 6 20 wf/cut 0.024937 5.887264113119765 1 2 17.661792339359295
pair_coeff 6 40 wf/cut 0.024937 5.887264113119765 1 2 17.661792339359295
pair_coeff 20 26 wf/cut 0.024937 5.887264113119765 1 2 17.661792339359295
pair_coeff 26 40 wf/cut 0.024937 5.887264113119765 1 2 17.661792339359295
pair_coeff 7 7 wf/cut 0.079096 5.823521721060312 1 2 17.470565163180936
pair_coeff 7 27 wf/cut 0.079096 5.823521721060312 1 2 17.470565163180936
pair_coeff 27 27 wf/cut 0.079096 5.823521721060312 1 2 17.470565163180936
pair_coeff 7 8 wf/cut 0.082359 6.000582237524121 1 2 18.001746712572363
pair_coeff 7 28 wf/cut 0.082359 6.000582237524121 1 2 18.001746712572363
pair_coeff 8 27 wf/cut 0.082359 6.000582237524121 1 2 18.001746712572363
pair_coeff 27 28 wf/cut 0.082359 6.000582237524121 1 2 18.001746712572363
pair_coeff 7 9 wf/cut 0.262983 6.276473791430636 1 2 18.829421374291908
pair_coeff 7 29 wf/cut 0.262983 6.276473791430636 1 2 18.829421374291908
pair_coeff 9 27 wf/cut 0.262983 6.276473791430636 1 2 18.829421374291908
pair_coeff 27 29 wf/cut 0.262983 6.276473791430636 1 2 18.829421374291908
pair_coeff 7 10 wf/cut 0.056178 5.978735433494051 1 2 17.93620630048215
pair_coeff 7 30 wf/cut 0.056178 5.978735433494051 1 2 17.93620630048215
pair_coeff 10 27 wf/cut 0.056178 5.978735433494051 1 2 17.93620630048215
pair_coeff 27 30 wf/cut 0.056178 5.978735433494051 1 2 17.93620630048215
pair_coeff 7 11 wf/cut 0.058888 6.145089275635634 1 2 18.4352678269069
pair_coeff 7 31 wf/cut 0.058888 6.145089275635634 1 2 18.4352678269069
pair_coeff 11 27 wf/cut 0.058888 6.145089275635634 1 2 18.4352678269069
pair_coeff 27 31 wf/cut 0.058888 6.145089275635634 1 2 18.4352678269069
pair_coeff 7 12 wf/cut 0.153614 6.0500403862929435 1 2 18.150121158878832
pair_coeff 7 32 wf/cut 0.153614 6.0500403862929435 1 2 18.150121158878832
pair_coeff 12 27 wf/cut 0.153614 6.0500403862929435 1 2 18.150121158878832
pair_coeff 27 32 wf/cut 0.153614 6.0500403862929435 1 2 18.150121158878832
pair_coeff 7 13 wf/cut 0.328538 6.4424403069543335 1 2 19.327320920863002
pair_coeff 7 33 wf/cut 0.328538 6.4424403069543335 1 2 19.327320920863002
pair_coeff 13 27 wf/cut 0.328538 6.4424403069543335 1 2 19.327320920863002
pair_coeff 27 33 wf/cut 0.328538 6.4424403069543335 1 2 19.327320920863002
pair_coeff 7 14 wf/cut 0.249211 6.224557346027278 1 2 18.673672038081833
pair_coeff 7 34 wf/cut 0.249211 6.224557346027278 1 2 18.673672038081833
pair_coeff 14 27 wf/cut 0.249211 6.224557346027278 1 2 18.673672038081833
pair_coeff 27 34 wf/cut 0.249211 6.224557346027278 1 2 18.673672038081833
pair_coeff 7 15 wf/cut 0.084189 5.617298771179795 1 2 16.851896313539385
pair_coeff 7 35 wf/cut 0.084189 5.617298771179795 1 2 16.851896313539385
pair_coeff 15 27 wf/cut 0.084189 5.617298771179795 1 2 16.851896313539385
pair_coeff 27 35 wf/cut 0.084189 5.617298771179795 1 2 16.851896313539385
pair_coeff 7 16 wf/cut 0.001758 6.078759471752929 1 2 18.236278415258788
pair_coeff 7 36 wf/cut 0.001758 6.078759471752929 1 2 18.236278415258788
pair_coeff 16 27 wf/cut 0.001758 6.078759471752929 1 2 18.236278415258788
pair_coeff 27 36 wf/cut 0.001758 6.078759471752929 1 2 18.236278415258788
pair_coeff 7 17 wf/cut 0.150314 5.872796196825872 1 2 17.618388590477615
pair_coeff 7 37 wf/cut 0.150314 5.872796196825872 1 2 17.618388590477615
pair_coeff 17 27 wf/cut 0.150314 5.872796196825872 1 2 17.618388590477615
pair_coeff 27 37 wf/cut 0.150314 5.872796196825872 1 2 17.618388590477615
pair_coeff 7 18 wf/cut 0.092728 5.81454574012806 1 2 17.44363722038418
pair_coeff 7 38 wf/cut 0.092728 5.81454574012806 1 2 17.44363722038418
pair_coeff 18 27 wf/cut 0.092728 5.81454574012806 1 2 17.44363722038418
pair_coeff 27 38 wf/cut 0.092728 5.81454574012806 1 2 17.44363722038418
pair_coeff 7 19 wf/cut 0.088045 5.773404302618334 1 2 17.320212907855
pair_coeff 7 39 wf/cut 0.088045 5.773404302618334 1 2 17.320212907855
pair_coeff 19 27 wf/cut 0.088045 5.773404302618334 1 2 17.320212907855
pair_coeff 27 39 wf/cut 0.088045 5.773404302618334 1 2 17.320212907855
pair_coeff 7 20 wf/cut 0.053587 6.146988238119009 1 2 18.44096471435703
pair_coeff 7 40 wf/cut 0.053587 6.146988238119009 1 2 18.44096471435703
pair_coeff 20 27 wf/cut 0.053587 6.146988238119009 1 2 18.44096471435703
pair_coeff 27 40 wf/cut 0.053587 6.146988238119009 1 2 18.44096471435703
pair_coeff 8 8 wf/cut 0.085622 6.177670315650897 1 2 18.533010946952693
pair_coeff 8 28 wf/cut 0.085622 6.177670315650897 1 2 18.533010946952693
pair_coeff 28 28 wf/cut 0.085622 6.177670315650897 1 2 18.533010946952693
pair_coeff 8 9 wf/cut 0.267388 6.453698205558216 1 2 19.36109461667465
pair_coeff 8 29 wf/cut 0.267388 6.453698205558216 1 2 19.36109461667465
pair_coeff 9 28 wf/cut 0.267388 6.453698205558216 1 2 19.36109461667465
pair_coeff 28 29 wf/cut 0.267388 6.453698205558216 1 2 19.36109461667465
pair_coeff 8 10 wf/cut 0.060583 6.155038804583549 1 2 18.46511641375065
pair_coeff 8 30 wf/cut 0.060583 6.155038804583549 1 2 18.46511641375065
pair_coeff 10 28 wf/cut 0.060583 6.155038804583549 1 2 18.46511641375065
pair_coeff 28 30 wf/cut 0.060583 6.155038804583549 1 2 18.46511641375065
pair_coeff 8 11 wf/cut 0.063293 6.321457293122011 1 2 18.964371879366034
pair_coeff 8 31 wf/cut 0.063293 6.321457293122011 1 2 18.964371879366034
pair_coeff 11 28 wf/cut 0.063293 6.321457293122011 1 2 18.964371879366034
pair_coeff 28 31 wf/cut 0.063293 6.321457293122011 1 2 18.964371879366034
pair_coeff 8 12 wf/cut 0.158019 6.22721384211578 1 2 18.681641526347338
pair_coeff 8 32 wf/cut 0.158019 6.22721384211578 1 2 18.681641526347338
pair_coeff 12 28 wf/cut 0.158019 6.22721384211578 1 2 18.681641526347338
pair_coeff 28 32 wf/cut 0.158019 6.22721384211578 1 2 18.681641526347338
pair_coeff 8 13 wf/cut 0.332943 6.61969178186508 1 2 19.85907534559524
pair_coeff 8 33 wf/cut 0.332943 6.61969178186508 1 2 19.85907534559524
pair_coeff 13 28 wf/cut 0.332943 6.61969178186508 1 2 19.85907534559524
pair_coeff 28 33 wf/cut 0.332943 6.61969178186508 1 2 19.85907534559524
pair_coeff 8 14 wf/cut 0.253616 6.401798946045327 1 2 19.205396838135982
pair_coeff 8 34 wf/cut 0.253616 6.401798946045327 1 2 19.205396838135982
pair_coeff 14 28 wf/cut 0.253616 6.401798946045327 1 2 19.205396838135982
pair_coeff 28 34 wf/cut 0.253616 6.401798946045327 1 2 19.205396838135982
pair_coeff 8 15 wf/cut 0.088594 5.794219764312674 1 2 17.382659292938023
pair_coeff 8 35 wf/cut 0.088594 5.794219764312674 1 2 17.382659292938023
pair_coeff 15 28 wf/cut 0.088594 5.794219764312674 1 2 17.382659292938023
pair_coeff 28 35 wf/cut 0.088594 5.794219764312674 1 2 17.382659292938023
pair_coeff 8 16 wf/cut 0.001791 6.2560007029022255 1 2 18.768002108706675
pair_coeff 8 36 wf/cut 0.001791 6.2560007029022255 1 2 18.768002108706675
pair_coeff 16 28 wf/cut 0.001791 6.2560007029022255 1 2 18.768002108706675
pair_coeff 28 36 wf/cut 0.001791 6.2560007029022255 1 2 18.768002108706675
pair_coeff 8 17 wf/cut 0.154719 6.049988923928926 1 2 18.14996677178678
pair_coeff 8 37 wf/cut 0.154719 6.049988923928926 1 2 18.14996677178678
pair_coeff 17 28 wf/cut 0.154719 6.049988923928926 1 2 18.14996677178678
pair_coeff 28 37 wf/cut 0.154719 6.049988923928926 1 2 18.14996677178678
pair_coeff 8 18 wf/cut 0.097133 5.991524845146615 1 2 17.974574535439846
pair_coeff 8 38 wf/cut 0.097133 5.991524845146615 1 2 17.974574535439846
pair_coeff 18 28 wf/cut 0.097133 5.991524845146615 1 2 17.974574535439846
pair_coeff 28 38 wf/cut 0.097133 5.991524845146615 1 2 17.974574535439846
pair_coeff 8 19 wf/cut 0.092450 5.950364732175825 1 2 17.851094196527477
pair_coeff 8 39 wf/cut 0.092450 5.950364732175825 1 2 17.851094196527477
pair_coeff 19 28 wf/cut 0.092450 5.950364732175825 1 2 17.851094196527477
pair_coeff 28 39 wf/cut 0.092450 5.950364732175825 1 2 17.851094196527477
pair_coeff 8 20 wf/cut 0.057992 6.323325627682127 1 2 18.96997688304638
pair_coeff 8 40 wf/cut 0.057992 6.323325627682127 1 2 18.96997688304638
pair_coeff 20 28 wf/cut 0.057992 6.323325627682127 1 2 18.96997688304638
pair_coeff 28 40 wf/cut 0.057992 6.323325627682127 1 2 18.96997688304638
pair_coeff 9 9 wf/cut 0.419186 6.733634028253079 1 2 20.20090208475924
pair_coeff 9 29 wf/cut 0.419186 6.733634028253079 1 2 20.20090208475924
pair_coeff 29 29 wf/cut 0.419186 6.733634028253079 1 2 20.20090208475924
pair_coeff 9 10 wf/cut 0.212382 6.423549039740656 1 2 19.270647119221966
pair_coeff 9 30 wf/cut 0.212382 6.423549039740656 1 2 19.270647119221966
pair_coeff 10 29 wf/cut 0.212382 6.423549039740656 1 2 19.270647119221966
pair_coeff 29 30 wf/cut 0.212382 6.423549039740656 1 2 19.270647119221966
pair_coeff 9 11 wf/cut 0.215092 6.590387900103195 1 2 19.771163700309586
pair_coeff 9 31 wf/cut 0.215092 6.590387900103195 1 2 19.771163700309586
pair_coeff 11 29 wf/cut 0.215092 6.590387900103195 1 2 19.771163700309586
pair_coeff 29 31 wf/cut 0.215092 6.590387900103195 1 2 19.771163700309586
pair_coeff 9 12 wf/cut 0.309817 6.50524897581083 1 2 19.51574692743249
pair_coeff 9 32 wf/cut 0.309817 6.50524897581083 1 2 19.51574692743249
pair_coeff 12 29 wf/cut 0.309817 6.50524897581083 1 2 19.51574692743249
pair_coeff 29 32 wf/cut 0.309817 6.50524897581083 1 2 19.51574692743249
pair_coeff 9 13 wf/cut 0.484741 6.900050363131952 1 2 20.700151089395856
pair_coeff 9 33 wf/cut 0.484741 6.900050363131952 1 2 20.700151089395856
pair_coeff 13 29 wf/cut 0.484741 6.900050363131952 1 2 20.700151089395856
pair_coeff 29 33 wf/cut 0.484741 6.900050363131952 1 2 20.700151089395856
pair_coeff 9 14 wf/cut 0.405414 6.6815889712242855 1 2 20.044766913672856
pair_coeff 9 34 wf/cut 0.405414 6.6815889712242855 1 2 20.044766913672856
pair_coeff 14 29 wf/cut 0.405414 6.6815889712242855 1 2 20.044766913672856
pair_coeff 29 34 wf/cut 0.405414 6.6815889712242855 1 2 20.044766913672856
pair_coeff 9 15 wf/cut 0.240393 6.068280818635755 1 2 18.204842455907265
pair_coeff 9 35 wf/cut 0.240393 6.068280818635755 1 2 18.204842455907265
pair_coeff 15 29 wf/cut 0.240393 6.068280818635755 1 2 18.204842455907265
pair_coeff 29 35 wf/cut 0.240393 6.068280818635755 1 2 18.204842455907265
pair_coeff 9 16 wf/cut 0.393302 6.535691224609458 1 2 19.607073673828374
pair_coeff 9 36 wf/cut 0.393302 6.535691224609458 1 2 19.607073673828374
pair_coeff 16 29 wf/cut 0.393302 6.535691224609458 1 2 19.607073673828374
pair_coeff 29 36 wf/cut 0.393302 6.535691224609458 1 2 19.607073673828374
pair_coeff 9 17 wf/cut 0.306517 6.327982683666391 1 2 18.98394805099917
pair_coeff 9 37 wf/cut 0.306517 6.327982683666391 1 2 18.98394805099917
pair_coeff 17 29 wf/cut 0.306517 6.327982683666391 1 2 18.98394805099917
pair_coeff 29 37 wf/cut 0.306517 6.327982683666391 1 2 18.98394805099917
pair_coeff 9 18 wf/cut 0.248931 6.266295198960733 1 2 18.798885596882197
pair_coeff 9 38 wf/cut 0.248931 6.266295198960733 1 2 18.798885596882197
pair_coeff 18 29 wf/cut 0.248931 6.266295198960733 1 2 18.798885596882197
pair_coeff 29 38 wf/cut 0.248931 6.266295198960733 1 2 18.798885596882197
pair_coeff 9 19 wf/cut 0.244248 6.2246507773507185 1 2 18.673952332052156
pair_coeff 9 39 wf/cut 0.244248 6.2246507773507185 1 2 18.673952332052156
pair_coeff 19 29 wf/cut 0.244248 6.2246507773507185 1 2 18.673952332052156
pair_coeff 29 39 wf/cut 0.244248 6.2246507773507185 1 2 18.673952332052156
pair_coeff 9 20 wf/cut 0.209790 6.5905505017289965 1 2 19.771651505186988
pair_coeff 9 40 wf/cut 0.209790 6.5905505017289965 1 2 19.771651505186988
pair_coeff 20 29 wf/cut 0.209790 6.5905505017289965 1 2 19.771651505186988
pair_coeff 29 40 wf/cut 0.209790 6.5905505017289965 1 2 19.771651505186988
pair_coeff 10 10 wf/cut 0.005578 6.265999286288815 1 2 18.797997858866445
pair_coeff 10 30 wf/cut 0.005578 6.265999286288815 1 2 18.797997858866445
pair_coeff 30 30 wf/cut 0.005578 6.265999286288815 1 2 18.797997858866445
pair_coeff 10 11 wf/cut 0.008288 6.390932891994093 1 2 19.17279867598228
pair_coeff 10 31 wf/cut 0.008288 6.390932891994093 1 2 19.17279867598228
pair_coeff 11 30 wf/cut 0.008288 6.390932891994093 1 2 19.17279867598228
pair_coeff 30 31 wf/cut 0.008288 6.390932891994093 1 2 19.17279867598228
pair_coeff 10 12 wf/cut 0.103013 6.199729734496916 1 2 18.59918920349075
pair_coeff 10 32 wf/cut 0.103013 6.199729734496916 1 2 18.59918920349075
pair_coeff 12 30 wf/cut 0.103013 6.199729734496916 1 2 18.59918920349075
pair_coeff 30 32 wf/cut 0.103013 6.199729734496916 1 2 18.59918920349075
pair_coeff 10 13 wf/cut 0.277937 6.589117480615403 1 2 19.76735244184621
pair_coeff 10 33 wf/cut 0.277937 6.589117480615403 1 2 19.76735244184621
pair_coeff 13 30 wf/cut 0.277937 6.589117480615403 1 2 19.76735244184621
pair_coeff 30 33 wf/cut 0.277937 6.589117480615403 1 2 19.76735244184621
pair_coeff 10 14 wf/cut 0.198610 6.371783619045257 1 2 19.11535085713577
pair_coeff 10 34 wf/cut 0.198610 6.371783619045257 1 2 19.11535085713577
pair_coeff 14 30 wf/cut 0.198610 6.371783619045257 1 2 19.11535085713577
pair_coeff 30 34 wf/cut 0.198610 6.371783619045257 1 2 19.11535085713577
pair_coeff 10 15 wf/cut 0.033589 5.781664862063682 1 2 17.344994586191046
pair_coeff 10 35 wf/cut 0.033589 5.781664862063682 1 2 17.344994586191046
pair_coeff 15 30 wf/cut 0.033589 5.781664862063682 1 2 17.344994586191046
pair_coeff 30 35 wf/cut 0.033589 5.781664862063682 1 2 17.344994586191046
pair_coeff 10 16 wf/cut 0.186498 6.226104236834126 1 2 18.67831271050238
pair_coeff 10 36 wf/cut 0.186498 6.226104236834126 1 2 18.67831271050238
pair_coeff 16 30 wf/cut 0.186498 6.226104236834126 1 2 18.67831271050238
pair_coeff 30 36 wf/cut 0.186498 6.226104236834126 1 2 18.67831271050238
pair_coeff 10 17 wf/cut 0.099713 6.022605657483588 1 2 18.067816972450764
pair_coeff 10 37 wf/cut 0.099713 6.022605657483588 1 2 18.067816972450764
pair_coeff 17 30 wf/cut 0.099713 6.022605657483588 1 2 18.067816972450764
pair_coeff 30 37 wf/cut 0.099713 6.022605657483588 1 2 18.067816972450764
pair_coeff 10 18 wf/cut 0.042127 5.974331431598945 1 2 17.922994294796837
pair_coeff 10 38 wf/cut 0.042127 5.974331431598945 1 2 17.922994294796837
pair_coeff 18 30 wf/cut 0.042127 5.974331431598945 1 2 17.922994294796837
pair_coeff 30 38 wf/cut 0.042127 5.974331431598945 1 2 17.922994294796837
pair_coeff 10 19 wf/cut 0.037444 5.935671447441882 1 2 17.807014342325644
pair_coeff 10 39 wf/cut 0.037444 5.935671447441882 1 2 17.807014342325644
pair_coeff 19 30 wf/cut 0.037444 5.935671447441882 1 2 17.807014342325644
pair_coeff 30 39 wf/cut 0.037444 5.935671447441882 1 2 17.807014342325644
pair_coeff 11 11 wf/cut 0.010998 6.53407242179841 1 2 19.60221726539523
pair_coeff 11 31 wf/cut 0.010998 6.53407242179841 1 2 19.60221726539523
pair_coeff 31 31 wf/cut 0.010998 6.53407242179841 1 2 19.60221726539523
pair_coeff 11 12 wf/cut 0.105723 6.366490684329992 1 2 19.099472052989977
pair_coeff 11 32 wf/cut 0.105723 6.366490684329992 1 2 19.099472052989977
pair_coeff 12 31 wf/cut 0.105723 6.366490684329992 1 2 19.099472052989977
pair_coeff 31 32 wf/cut 0.105723 6.366490684329992 1 2 19.099472052989977
pair_coeff 11 13 wf/cut 0.280647 6.755935225417062 1 2 20.267805676251186
pair_coeff 11 33 wf/cut 0.280647 6.755935225417062 1 2 20.267805676251186
pair_coeff 13 31 wf/cut 0.280647 6.755935225417062 1 2 20.267805676251186
pair_coeff 31 33 wf/cut 0.280647 6.755935225417062 1 2 20.267805676251186
pair_coeff 11 14 wf/cut 0.201320 6.538603519887749 1 2 19.615810559663245
pair_coeff 11 34 wf/cut 0.201320 6.538603519887749 1 2 19.615810559663245
pair_coeff 14 31 wf/cut 0.201320 6.538603519887749 1 2 19.615810559663245
pair_coeff 31 34 wf/cut 0.201320 6.538603519887749 1 2 19.615810559663245
pair_coeff 11 15 wf/cut 0.036299 5.946968662780402 1 2 17.840905988341206
pair_coeff 11 35 wf/cut 0.036299 5.946968662780402 1 2 17.840905988341206
pair_coeff 15 31 wf/cut 0.036299 5.946968662780402 1 2 17.840905988341206
pair_coeff 31 35 wf/cut 0.036299 5.946968662780402 1 2 17.840905988341206
pair_coeff 11 16 wf/cut 0.189208 6.392942886970462 1 2 19.178828660911385
pair_coeff 11 36 wf/cut 0.189208 6.392942886970462 1 2 19.178828660911385
pair_coeff 16 31 wf/cut 0.189208 6.392942886970462 1 2 19.178828660911385
pair_coeff 31 36 wf/cut 0.189208 6.392942886970462 1 2 19.178828660911385
pair_coeff 11 17 wf/cut 0.102423 6.189364574070181 1 2 18.56809372221054
pair_coeff 11 37 wf/cut 0.102423 6.189364574070181 1 2 18.56809372221054
pair_coeff 17 31 wf/cut 0.102423 6.189364574070181 1 2 18.56809372221054
pair_coeff 31 37 wf/cut 0.102423 6.189364574070181 1 2 18.56809372221054
pair_coeff 11 18 wf/cut 0.044837 6.1402119935661545 1 2 18.420635980698464
pair_coeff 11 38 wf/cut 0.044837 6.1402119935661545 1 2 18.420635980698464
pair_coeff 18 31 wf/cut 0.044837 6.1402119935661545 1 2 18.420635980698464
pair_coeff 31 38 wf/cut 0.044837 6.1402119935661545 1 2 18.420635980698464
pair_coeff 11 19 wf/cut 0.040154 6.101247830628814 1 2 18.30374349188644
pair_coeff 11 39 wf/cut 0.040154 6.101247830628814 1 2 18.30374349188644
pair_coeff 19 31 wf/cut 0.040154 6.101247830628814 1 2 18.30374349188644
pair_coeff 31 39 wf/cut 0.040154 6.101247830628814 1 2 18.30374349188644
pair_coeff 11 20 wf/cut 0.005696 6.607723261980873 1 2 19.823169785942618
pair_coeff 11 40 wf/cut 0.005696 6.607723261980873 1 2 19.823169785942618
pair_coeff 20 31 wf/cut 0.005696 6.607723261980873 1 2 19.823169785942618
pair_coeff 31 40 wf/cut 0.005696 6.607723261980873 1 2 19.823169785942618
pair_coeff 12 12 wf/cut 0.200448 6.277850874229409 1 2 18.833552622688227
pair_coeff 12 32 wf/cut 0.200448 6.277850874229409 1 2 18.833552622688227
pair_coeff 32 32 wf/cut 0.200448 6.277850874229409 1 2 18.833552622688227
pair_coeff 12 13 wf/cut 0.375372 6.671405311072043 1 2 20.01421593321613
pair_coeff 12 33 wf/cut 0.375372 6.671405311072043 1 2 20.01421593321613
pair_coeff 13 32 wf/cut 0.375372 6.671405311072043 1 2 20.01421593321613
pair_coeff 32 33 wf/cut 0.375372 6.671405311072043 1 2 20.01421593321613
pair_coeff 12 14 wf/cut 0.296045 6.4532756440329795 1 2 19.35982693209894
pair_coeff 12 34 wf/cut 0.296045 6.4532756440329795 1 2 19.35982693209894
pair_coeff 14 32 wf/cut 0.296045 6.4532756440329795 1 2 19.35982693209894
pair_coeff 32 34 wf/cut 0.296045 6.4532756440329795 1 2 19.35982693209894
pair_coeff 12 15 wf/cut 0.131024 5.84255485528308 1 2 17.52766456584924
pair_coeff 12 35 wf/cut 0.131024 5.84255485528308 1 2 17.52766456584924
pair_coeff 15 32 wf/cut 0.131024 5.84255485528308 1 2 17.52766456584924
pair_coeff 32 35 wf/cut 0.131024 5.84255485528308 1 2 17.52766456584924
pair_coeff 12 16 wf/cut 0.283933 6.307431677259977 1 2 18.92229503177993
pair_coeff 12 36 wf/cut 0.283933 6.307431677259977 1 2 18.92229503177993
pair_coeff 16 32 wf/cut 0.283933 6.307431677259977 1 2 18.92229503177993
pair_coeff 32 36 wf/cut 0.283933 6.307431677259977 1 2 18.92229503177993
pair_coeff 12 17 wf/cut 0.197148 6.100591694847331 1 2 18.301775084541994
pair_coeff 12 37 wf/cut 0.197148 6.100591694847331 1 2 18.301775084541994
pair_coeff 17 32 wf/cut 0.197148 6.100591694847331 1 2 18.301775084541994
pair_coeff 32 37 wf/cut 0.197148 6.100591694847331 1 2 18.301775084541994
pair_coeff 12 18 wf/cut 0.139562 6.040345112977554 1 2 18.12103533893266
pair_coeff 12 38 wf/cut 0.139562 6.040345112977554 1 2 18.12103533893266
pair_coeff 18 32 wf/cut 0.139562 6.040345112977554 1 2 18.12103533893266
pair_coeff 32 38 wf/cut 0.139562 6.040345112977554 1 2 18.12103533893266
pair_coeff 12 19 wf/cut 0.134879 5.998852825433778 1 2 17.99655847630133
pair_coeff 12 39 wf/cut 0.134879 5.998852825433778 1 2 17.99655847630133
pair_coeff 19 32 wf/cut 0.134879 5.998852825433778 1 2 17.99655847630133
pair_coeff 32 39 wf/cut 0.134879 5.998852825433778 1 2 17.99655847630133
pair_coeff 12 20 wf/cut 0.100421 6.367152767929573 1 2 19.101458303788718
pair_coeff 12 40 wf/cut 0.100421 6.367152767929573 1 2 19.101458303788718
pair_coeff 20 32 wf/cut 0.100421 6.367152767929573 1 2 19.101458303788718
pair_coeff 32 40 wf/cut 0.100421 6.367152767929573 1 2 19.101458303788718
pair_coeff 13 13 wf/cut 0.550297 7.066547961746265 1 2 21.199643885238793
pair_coeff 13 33 wf/cut 0.550297 7.066547961746265 1 2 21.199643885238793
pair_coeff 33 33 wf/cut 0.550297 7.066547961746265 1 2 21.199643885238793
pair_coeff 13 14 wf/cut 0.470970 6.84798437757724 1 2 20.54395313273172
pair_coeff 13 34 wf/cut 0.470970 6.84798437757724 1 2 20.54395313273172
pair_coeff 14 33 wf/cut 0.470970 6.84798437757724 1 2 20.54395313273172
pair_coeff 33 34 wf/cut 0.470970 6.84798437757724 1 2 20.54395313273172
pair_coeff 13 15 wf/cut 0.305948 6.234139720557474 1 2 18.702419161672424
pair_coeff 13 35 wf/cut 0.305948 6.234139720557474 1 2 18.702419161672424
pair_coeff 15 33 wf/cut 0.305948 6.234139720557474 1 2 18.702419161672424
pair_coeff 33 35 wf/cut 0.305948 6.234139720557474 1 2 18.702419161672424
pair_coeff 13 16 wf/cut 0.458857 6.702091518082294 1 2 20.10627455424688
pair_coeff 13 36 wf/cut 0.458857 6.702091518082294 1 2 20.10627455424688
pair_coeff 16 33 wf/cut 0.458857 6.702091518082294 1 2 20.10627455424688
pair_coeff 33 36 wf/cut 0.458857 6.702091518082294 1 2 20.10627455424688
pair_coeff 13 17 wf/cut 0.372073 6.494164476750084 1 2 19.48249343025025
pair_coeff 13 37 wf/cut 0.372073 6.494164476750084 1 2 19.48249343025025
pair_coeff 17 33 wf/cut 0.372073 6.494164476750084 1 2 19.48249343025025
pair_coeff 33 37 wf/cut 0.372073 6.494164476750084 1 2 19.48249343025025
pair_coeff 13 18 wf/cut 0.314487 6.432174788842087 1 2 19.29652436652626
pair_coeff 13 38 wf/cut 0.314487 6.432174788842087 1 2 19.29652436652626
pair_coeff 18 33 wf/cut 0.314487 6.432174788842087 1 2 19.29652436652626
pair_coeff 33 38 wf/cut 0.314487 6.432174788842087 1 2 19.29652436652626
pair_coeff 13 19 wf/cut 0.309804 6.390531854157171 1 2 19.171595562471513
pair_coeff 13 39 wf/cut 0.309804 6.390531854157171 1 2 19.171595562471513
pair_coeff 19 33 wf/cut 0.309804 6.390531854157171 1 2 19.171595562471513
pair_coeff 33 39 wf/cut 0.309804 6.390531854157171 1 2 19.171595562471513
pair_coeff 13 20 wf/cut 0.275346 6.756032732095156 1 2 20.268098196285468
pair_coeff 13 40 wf/cut 0.275346 6.756032732095156 1 2 20.268098196285468
pair_coeff 20 33 wf/cut 0.275346 6.756032732095156 1 2 20.268098196285468
pair_coeff 33 40 wf/cut 0.275346 6.756032732095156 1 2 20.268098196285468
pair_coeff 14 14 wf/cut 0.391642 6.629549396410893 1 2 19.88864818923268
pair_coeff 14 34 wf/cut 0.391642 6.629549396410893 1 2 19.88864818923268
pair_coeff 34 34 wf/cut 0.391642 6.629549396410893 1 2 19.88864818923268
pair_coeff 14 15 wf/cut 0.226621 6.016400811210637 1 2 18.049202433631912
pair_coeff 14 35 wf/cut 0.226621 6.016400811210637 1 2 18.049202433631912
pair_coeff 15 34 wf/cut 0.226621 6.016400811210637 1 2 18.049202433631912
pair_coeff 34 35 wf/cut 0.226621 6.016400811210637 1 2 18.049202433631912
pair_coeff 14 16 wf/cut 0.379530 6.483674128071082 1 2 19.451022384213246
pair_coeff 14 36 wf/cut 0.379530 6.483674128071082 1 2 19.451022384213246
pair_coeff 16 34 wf/cut 0.379530 6.483674128071082 1 2 19.451022384213246
pair_coeff 34 36 wf/cut 0.379530 6.483674128071082 1 2 19.451022384213246
pair_coeff 14 17 wf/cut 0.292745 6.276026354822916 1 2 18.828079064468746
pair_coeff 14 37 wf/cut 0.292745 6.276026354822916 1 2 18.828079064468746
pair_coeff 17 34 wf/cut 0.292745 6.276026354822916 1 2 18.828079064468746
pair_coeff 34 37 wf/cut 0.292745 6.276026354822916 1 2 18.828079064468746
pair_coeff 14 18 wf/cut 0.235159 6.2144055979415755 1 2 18.643216793824728
pair_coeff 14 38 wf/cut 0.235159 6.2144055979415755 1 2 18.643216793824728
pair_coeff 18 34 wf/cut 0.235159 6.2144055979415755 1 2 18.643216793824728
pair_coeff 34 38 wf/cut 0.235159 6.2144055979415755 1 2 18.643216793824728
pair_coeff 14 19 wf/cut 0.230476 6.172787382997035 1 2 18.518362148991105
pair_coeff 14 39 wf/cut 0.230476 6.172787382997035 1 2 18.518362148991105
pair_coeff 19 34 wf/cut 0.230476 6.172787382997035 1 2 18.518362148991105
pair_coeff 34 39 wf/cut 0.230476 6.172787382997035 1 2 18.518362148991105
pair_coeff 14 20 wf/cut 0.196018 6.538787910119839 1 2 19.616363730359517
pair_coeff 14 40 wf/cut 0.196018 6.538787910119839 1 2 19.616363730359517
pair_coeff 20 34 wf/cut 0.196018 6.538787910119839 1 2 19.616363730359517
pair_coeff 34 40 wf/cut 0.196018 6.538787910119839 1 2 19.616363730359517
pair_coeff 15 15 wf/cut 0.061600 5.412669704115792 1 2 16.238009112347374
pair_coeff 15 35 wf/cut 0.061600 5.412669704115792 1 2 16.238009112347374
pair_coeff 35 35 wf/cut 0.061600 5.412669704115792 1 2 16.238009112347374
pair_coeff 15 16 wf/cut 0.214509 5.870633388669294 1 2 17.61190016600788
pair_coeff 15 36 wf/cut 0.214509 5.870633388669294 1 2 17.61190016600788
pair_coeff 16 35 wf/cut 0.214509 5.870633388669294 1 2 17.61190016600788
pair_coeff 35 36 wf/cut 0.214509 5.870633388669294 1 2 17.61190016600788
pair_coeff 15 17 wf/cut 0.127724 5.665328065098679 1 2 16.99598419529604
pair_coeff 15 37 wf/cut 0.127724 5.665328065098679 1 2 16.99598419529604
pair_coeff 17 35 wf/cut 0.127724 5.665328065098679 1 2 16.99598419529604
pair_coeff 35 37 wf/cut 0.127724 5.665328065098679 1 2 16.99598419529604
pair_coeff 15 18 wf/cut 0.070138 5.60931576883087 1 2 16.82794730649261
pair_coeff 15 38 wf/cut 0.070138 5.60931576883087 1 2 16.82794730649261
pair_coeff 18 35 wf/cut 0.070138 5.60931576883087 1 2 16.82794730649261
pair_coeff 35 38 wf/cut 0.070138 5.60931576883087 1 2 16.82794730649261
pair_coeff 15 19 wf/cut 0.065455 5.568478936337624 1 2 16.705436809012873
pair_coeff 15 39 wf/cut 0.065455 5.568478936337624 1 2 16.705436809012873
pair_coeff 19 35 wf/cut 0.065455 5.568478936337624 1 2 16.705436809012873
pair_coeff 35 39 wf/cut 0.065455 5.568478936337624 1 2 16.705436809012873
pair_coeff 15 20 wf/cut 0.030997 5.95253426830798 1 2 17.857602804923943
pair_coeff 15 40 wf/cut 0.030997 5.95253426830798 1 2 17.857602804923943
pair_coeff 20 35 wf/cut 0.030997 5.95253426830798 1 2 17.857602804923943
pair_coeff 35 40 wf/cut 0.030997 5.95253426830798 1 2 17.857602804923943
pair_coeff 16 16 wf/cut 0.027216 6.337782403912046 1 2 19.01334721173614
pair_coeff 16 36 wf/cut 0.027216 6.337782403912046 1 2 19.01334721173614
pair_coeff 36 36 wf/cut 0.027216 6.337782403912046 1 2 19.01334721173614
pair_coeff 16 17 wf/cut 0.280633 6.130180422228775 1 2 18.390541266686323
pair_coeff 16 37 wf/cut 0.280633 6.130180422228775 1 2 18.390541266686323
pair_coeff 17 36 wf/cut 0.280633 6.130180422228775 1 2 18.390541266686323
pair_coeff 36 37 wf/cut 0.280633 6.130180422228775 1 2 18.390541266686323
pair_coeff 16 18 wf/cut 0.223047 6.068649252074198 1 2 18.205947756222592
pair_coeff 16 38 wf/cut 0.223047 6.068649252074198 1 2 18.205947756222592
pair_coeff 18 36 wf/cut 0.223047 6.068649252074198 1 2 18.205947756222592
pair_coeff 36 38 wf/cut 0.223047 6.068649252074198 1 2 18.205947756222592
pair_coeff 16 19 wf/cut 0.218364 6.027019005823624 1 2 18.081057017470872
pair_coeff 16 39 wf/cut 0.218364 6.027019005823624 1 2 18.081057017470872
pair_coeff 19 36 wf/cut 0.218364 6.027019005823624 1 2 18.081057017470872
pair_coeff 36 39 wf/cut 0.218364 6.027019005823624 1 2 18.081057017470872
pair_coeff 16 20 wf/cut 0.183906 6.393147480752069 1 2 19.179442442256207
pair_coeff 16 40 wf/cut 0.183906 6.393147480752069 1 2 19.179442442256207
pair_coeff 20 36 wf/cut 0.183906 6.393147480752069 1 2 19.179442442256207
pair_coeff 36 40 wf/cut 0.183906 6.393147480752069 1 2 19.179442442256207
pair_coeff 17 17 wf/cut 0.193849 5.9233491242788805 1 2 17.770047372836643
pair_coeff 17 37 wf/cut 0.193849 5.9233491242788805 1 2 17.770047372836643
pair_coeff 37 37 wf/cut 0.193849 5.9233491242788805 1 2 17.770047372836643
pair_coeff 17 18 wf/cut 0.136263 5.8630821184928195 1 2 17.58924635547846
pair_coeff 17 38 wf/cut 0.136263 5.8630821184928195 1 2 17.58924635547846
pair_coeff 18 37 wf/cut 0.136263 5.8630821184928195 1 2 17.58924635547846
pair_coeff 37 38 wf/cut 0.136263 5.8630821184928195 1 2 17.58924635547846
pair_coeff 17 19 wf/cut 0.131580 5.821644218417775 1 2 17.464932655253325
pair_coeff 17 39 wf/cut 0.131580 5.821644218417775 1 2 17.464932655253325
pair_coeff 19 37 wf/cut 0.131580 5.821644218417775 1 2 17.464932655253325
pair_coeff 37 39 wf/cut 0.131580 5.821644218417775 1 2 17.464932655253325
pair_coeff 17 20 wf/cut 0.097122 6.1899864646586105 1 2 18.569959393975832
pair_coeff 17 40 wf/cut 0.097122 6.1899864646586105 1 2 18.569959393975832
pair_coeff 20 37 wf/cut 0.097122 6.1899864646586105 1 2 18.569959393975832
pair_coeff 37 40 wf/cut 0.097122 6.1899864646586105 1 2 18.569959393975832
pair_coeff 18 18 wf/cut 0.078677 5.806155150598376 1 2 17.41846545179513
pair_coeff 18 38 wf/cut 0.078677 5.806155150598376 1 2 17.41846545179513
pair_coeff 38 38 wf/cut 0.078677 5.806155150598376 1 2 17.41846545179513
pair_coeff 18 19 wf/cut 0.073994 5.765149033334852 1 2 17.29544710000456
pair_coeff 18 39 wf/cut 0.073994 5.765149033334852 1 2 17.29544710000456
pair_coeff 19 38 wf/cut 0.073994 5.765149033334852 1 2 17.29544710000456
pair_coeff 38 39 wf/cut 0.073994 5.765149033334852 1 2 17.29544710000456
pair_coeff 18 20 wf/cut 0.039536 6.143860896897243 1 2 18.431582690691727
pair_coeff 18 40 wf/cut 0.039536 6.143860896897243 1 2 18.431582690691727
pair_coeff 20 38 wf/cut 0.039536 6.143860896897243 1 2 18.431582690691727
pair_coeff 38 40 wf/cut 0.039536 6.143860896897243 1 2 18.431582690691727
pair_coeff 19 19 wf/cut 0.069311 5.724362787504792 1 2 17.173088362514378
pair_coeff 19 39 wf/cut 0.069311 5.724362787504792 1 2 17.173088362514378
pair_coeff 39 39 wf/cut 0.069311 5.724362787504792 1 2 17.173088362514378
pair_coeff 19 20 wf/cut 0.034853 6.10586575299424 1 2 18.31759725898272
pair_coeff 19 40 wf/cut 0.034853 6.10586575299424 1 2 18.31759725898272
pair_coeff 20 39 wf/cut 0.034853 6.10586575299424 1 2 18.31759725898272
pair_coeff 39 40 wf/cut 0.034853 6.10586575299424 1 2 18.31759725898272
pair_coeff 20 20 wf/cut 0.000395 6.921680089176746 1 11 20.76504026753024
pair_coeff 20 40 wf/cut 0.000395 6.921680089176746 1 11 20.76504026753024
pair_coeff 40 40 wf/cut 0.000395 6.921680089176746 1 11 20.76504026753024
pair_coeff 10 20 wf/cut 0.002986 6.718011650959061 1 4 20.154034952877183
pair_coeff 10 40 wf/cut 0.002986 6.718011650959061 1 4 20.154034952877183
pair_coeff 20 30 wf/cut 0.002986 6.718011650959061 1 4 20.154034952877183
pair_coeff 30 40 wf/cut 0.002986 6.718011650959061 1 4 20.154034952877183
 
pair_coeff 3 3 coul/debye 35.
pair_coeff 3 5 coul/debye 35.
pair_coeff 3 7 coul/debye 35.
pair_coeff 3 8 coul/debye 35.
pair_coeff 3 16 coul/debye 35.
pair_coeff 3 23 coul/debye 35.
pair_coeff 3 25 coul/debye 35.
pair_coeff 3 36 coul/debye 35.
pair_coeff 5 5 coul/debye 35.
pair_coeff 5 7 coul/debye 35.
pair_coeff 5 8 coul/debye 35.
pair_coeff 5 16 coul/debye 35.
pair_coeff 5 23 coul/debye 35.
pair_coeff 5 25 coul/debye 35.
pair_coeff 5 27 coul/debye 35.
pair_coeff 5 28 coul/debye 35.
pair_coeff 5 36 coul/debye 35.
pair_coeff 7 7 coul/debye 35.
pair_coeff 7 8 coul/debye 35.
pair_coeff 7 16 coul/debye 35.
pair_coeff 7 23 coul/debye 35.
pair_coeff 7 25 coul/debye 35.
pair_coeff 7 27 coul/debye 35.
pair_coeff 7 28 coul/debye 35.
pair_coeff 7 36 coul/debye 35.
pair_coeff 8 8 coul/debye 35.
pair_coeff 8 16 coul/debye 35.
pair_coeff 8 23 coul/debye 35.
pair_coeff 8 25 coul/debye 35.
pair_coeff 8 27 coul/debye 35.
pair_coeff 8 28 coul/debye 35.
pair_coeff 8 36 coul/debye 35.
pair_coeff 16 16 coul/debye 35.
pair_coeff 16 23 coul/debye 35.
pair_coeff 16 25 coul/debye 35.
pair_coeff 16 27 coul/debye 35.
pair_coeff 16 28 coul/debye 35.
pair_coeff 16 36 coul/debye 35.
pair_coeff 23 23 coul/debye 35.
pair_coeff 23 25 coul/debye 35.
pair_coeff 23 36 coul/debye 35.
pair_coeff 25 25 coul/debye 35.
pair_coeff 25 27 coul/debye 35.
pair_coeff 25 28 coul/debye 35.
pair_coeff 25 36 coul/debye 35.
pair_coeff 27 27 coul/debye 35.
pair_coeff 27 28 coul/debye 35.
pair_coeff 27 36 coul/debye 35.
pair_coeff 28 28 coul/debye 35.
pair_coeff 28 36 coul/debye 35.
pair_coeff 36 36 coul/debye 35.
pair_coeff 3 27 coul/debye 35.
pair_coeff 3 28 coul/debye 35.
pair_coeff 23 27 coul/debye 35.
pair_coeff 23 28 coul/debye 35.

